Q,dt
0.7912,2016-12-01 00:00
0.7876,2016-11-30 23:00
0.7833,2016-11-30 22:00
0.7780,2016-11-30 21:00
0.7741,2016-11-30 20:00
0.7711,2016-11-30 19:00
0.7703,2016-11-30 18:00
0.7703,2016-11-30 17:00
0.7703,2016-11-30 16:00
0.7703,2016-11-30 15:00
0.7704,2016-11-30 14:00
0.7706,2016-11-30 13:00
0.7709,2016-11-30 12:00
0.7713,2016-11-30 11:00
0.7719,2016-11-30 10:00
0.7726,2016-11-30 09:00
0.7737,2016-11-30 08:00
0.7750,2016-11-30 07:00
0.7768,2016-11-30 06:00
0.7789,2016-11-30 05:00
0.7815,2016-11-30 04:00
0.7845,2016-11-30 03:00
0.7880,2016-11-30 02:00
0.7919,2016-11-30 01:00
0.7961,2016-11-30 00:00
0.8007,2016-11-29 23:00
0.8054,2016-11-29 22:00
0.8103,2016-11-29 21:00
0.8151,2016-11-29 20:00
0.8199,2016-11-29 19:00
0.8246,2016-11-29 18:00
0.8291,2016-11-29 17:00
0.8335,2016-11-29 16:00
0.8378,2016-11-29 15:00
0.8423,2016-11-29 14:00
0.8471,2016-11-29 13:00
0.8527,2016-11-29 12:00
0.8593,2016-11-29 11:00
0.8673,2016-11-29 10:00
0.8772,2016-11-29 09:00
0.8897,2016-11-29 08:00
0.9057,2016-11-29 07:00
0.9261,2016-11-29 06:00
0.9514,2016-11-29 05:00
0.9809,2016-11-29 04:00
1.0132,2016-11-29 03:00
1.0468,2016-11-29 02:00
1.0841,2016-11-29 01:00
1.1336,2016-11-29 00:00
1.1979,2016-11-28 23:00
1.2661,2016-11-28 22:00
1.3358,2016-11-28 21:00
1.4040,2016-11-28 20:00
1.4667,2016-11-28 19:00
1.5198,2016-11-28 18:00
1.5596,2016-11-28 17:00
1.5832,2016-11-28 16:00
1.5896,2016-11-28 15:00
1.5799,2016-11-28 14:00
1.5566,2016-11-28 13:00
1.5228,2016-11-28 12:00
1.4805,2016-11-28 11:00
1.4293,2016-11-28 10:00
1.3688,2016-11-28 09:00
1.3024,2016-11-28 08:00
1.2376,2016-11-28 07:00
1.1779,2016-11-28 06:00
1.1155,2016-11-28 05:00
1.0354,2016-11-28 04:00
0.9418,2016-11-28 03:00
0.8599,2016-11-28 02:00
0.8003,2016-11-28 01:00
0.7701,2016-11-28 00:00
0.7648,2016-11-27 23:00
0.7648,2016-11-27 22:00
0.7648,2016-11-27 21:00
0.7649,2016-11-27 20:00
0.7649,2016-11-27 19:00
0.7649,2016-11-27 18:00
0.7650,2016-11-27 17:00
0.7650,2016-11-27 16:00
0.7651,2016-11-27 15:00
0.7651,2016-11-27 14:00
0.7651,2016-11-27 13:00
0.7652,2016-11-27 12:00
0.7652,2016-11-27 11:00
0.7652,2016-11-27 10:00
0.7653,2016-11-27 09:00
0.7653,2016-11-27 08:00
0.7653,2016-11-27 07:00
0.7654,2016-11-27 06:00
0.7654,2016-11-27 05:00
0.7654,2016-11-27 04:00
0.7655,2016-11-27 03:00
0.7655,2016-11-27 02:00
0.7655,2016-11-27 01:00
0.7656,2016-11-27 00:00
0.7656,2016-11-26 23:00
0.7656,2016-11-26 22:00
0.7656,2016-11-26 21:00
0.7657,2016-11-26 20:00
0.7657,2016-11-26 19:00
0.7657,2016-11-26 18:00
0.7658,2016-11-26 17:00
0.7658,2016-11-26 16:00
0.7658,2016-11-26 15:00
0.7658,2016-11-26 14:00
0.7659,2016-11-26 13:00
0.7659,2016-11-26 12:00
0.7659,2016-11-26 11:00
0.7659,2016-11-26 10:00
0.7660,2016-11-26 09:00
0.7660,2016-11-26 08:00
0.7660,2016-11-26 07:00
0.7661,2016-11-26 06:00
0.7661,2016-11-26 05:00
0.7661,2016-11-26 04:00
0.7661,2016-11-26 03:00
0.7661,2016-11-26 02:00
0.7662,2016-11-26 01:00
0.7662,2016-11-26 00:00
0.7662,2016-11-25 23:00
0.7662,2016-11-25 22:00
0.7663,2016-11-25 21:00
0.7663,2016-11-25 20:00
0.7663,2016-11-25 19:00
0.7663,2016-11-25 18:00
0.7663,2016-11-25 17:00
0.7664,2016-11-25 16:00
0.7664,2016-11-25 15:00
0.7664,2016-11-25 14:00
0.7664,2016-11-25 13:00
0.7665,2016-11-25 12:00
0.7665,2016-11-25 11:00
0.7665,2016-11-25 10:00
0.7666,2016-11-25 09:00
0.7666,2016-11-25 08:00
0.7667,2016-11-25 07:00
0.7667,2016-11-25 06:00
0.7669,2016-11-25 05:00
0.7670,2016-11-25 04:00
0.7672,2016-11-25 03:00
0.7675,2016-11-25 02:00
0.7678,2016-11-25 01:00
0.7683,2016-11-25 00:00
0.7690,2016-11-24 23:00
0.7700,2016-11-24 22:00
0.7712,2016-11-24 21:00
0.7729,2016-11-24 20:00
0.7750,2016-11-24 19:00
0.7777,2016-11-24 18:00
0.7811,2016-11-24 17:00
0.7853,2016-11-24 16:00
0.7904,2016-11-24 15:00
0.7964,2016-11-24 14:00
0.8033,2016-11-24 13:00
0.8111,2016-11-24 12:00
0.8197,2016-11-24 11:00
0.8289,2016-11-24 10:00
0.8386,2016-11-24 09:00
0.8486,2016-11-24 08:00
0.8587,2016-11-24 07:00
0.8685,2016-11-24 06:00
0.8780,2016-11-24 05:00
0.8868,2016-11-24 04:00
0.8949,2016-11-24 03:00
0.9021,2016-11-24 02:00
0.9083,2016-11-24 01:00
0.9136,2016-11-24 00:00
0.9179,2016-11-23 23:00
0.9213,2016-11-23 22:00
0.9238,2016-11-23 21:00
0.9253,2016-11-23 20:00
0.9257,2016-11-23 19:00
0.9252,2016-11-23 18:00
0.9235,2016-11-23 17:00
0.9204,2016-11-23 16:00
0.9147,2016-11-23 15:00
0.9061,2016-11-23 14:00
0.8937,2016-11-23 13:00
0.8811,2016-11-23 12:00
0.8723,2016-11-23 11:00
0.8657,2016-11-23 10:00
0.8587,2016-11-23 09:00
0.8515,2016-11-23 08:00
0.8438,2016-11-23 07:00
0.8355,2016-11-23 06:00
0.8263,2016-11-23 05:00
0.8166,2016-11-23 04:00
0.8089,2016-11-23 03:00
0.8018,2016-11-23 02:00
0.7964,2016-11-23 01:00
0.7908,2016-11-23 00:00
0.7839,2016-11-22 23:00
0.7762,2016-11-22 22:00
0.7721,2016-11-22 21:00
0.7698,2016-11-22 20:00
0.7688,2016-11-22 19:00
0.7689,2016-11-22 18:00
0.7690,2016-11-22 17:00
0.7691,2016-11-22 16:00
0.7691,2016-11-22 15:00
0.7692,2016-11-22 14:00
0.7693,2016-11-22 13:00
0.7694,2016-11-22 12:00
0.7694,2016-11-22 11:00
0.7695,2016-11-22 10:00
0.7696,2016-11-22 09:00
0.7697,2016-11-22 08:00
0.7698,2016-11-22 07:00
0.7698,2016-11-22 06:00
0.7699,2016-11-22 05:00
0.7700,2016-11-22 04:00
0.7701,2016-11-22 03:00
0.7701,2016-11-22 02:00
0.7702,2016-11-22 01:00
0.7703,2016-11-22 00:00
0.7704,2016-11-21 23:00
0.7704,2016-11-21 22:00
0.7705,2016-11-21 21:00
0.7706,2016-11-21 20:00
0.7707,2016-11-21 19:00
0.7707,2016-11-21 18:00
0.7708,2016-11-21 17:00
0.7709,2016-11-21 16:00
0.7710,2016-11-21 15:00
0.7710,2016-11-21 14:00
0.7711,2016-11-21 13:00
0.7712,2016-11-21 12:00
0.7713,2016-11-21 11:00
0.7713,2016-11-21 10:00
0.7714,2016-11-21 09:00
0.7715,2016-11-21 08:00
0.7716,2016-11-21 07:00
0.7716,2016-11-21 06:00
0.7717,2016-11-21 05:00
0.7718,2016-11-21 04:00
0.7718,2016-11-21 03:00
0.7719,2016-11-21 02:00
0.7720,2016-11-21 01:00
0.7721,2016-11-21 00:00
0.7721,2016-11-20 23:00
0.7722,2016-11-20 22:00
0.7723,2016-11-20 21:00
0.7723,2016-11-20 20:00
0.7724,2016-11-20 19:00
0.7725,2016-11-20 18:00
0.7726,2016-11-20 17:00
0.7726,2016-11-20 16:00
0.7727,2016-11-20 15:00
0.7728,2016-11-20 14:00
0.7729,2016-11-20 13:00
0.7730,2016-11-20 12:00
0.7731,2016-11-20 11:00
0.7733,2016-11-20 10:00
0.7734,2016-11-20 09:00
0.7736,2016-11-20 08:00
0.7738,2016-11-20 07:00
0.7741,2016-11-20 06:00
0.7744,2016-11-20 05:00
0.7747,2016-11-20 04:00
0.7751,2016-11-20 03:00
0.7755,2016-11-20 02:00
0.7759,2016-11-20 01:00
0.7763,2016-11-20 00:00
0.7767,2016-11-19 23:00
0.7771,2016-11-19 22:00
0.7774,2016-11-19 21:00
0.7777,2016-11-19 20:00
0.7779,2016-11-19 19:00
0.7781,2016-11-19 18:00
0.7783,2016-11-19 17:00
0.7784,2016-11-19 16:00
0.7785,2016-11-19 15:00
0.7786,2016-11-19 14:00
0.7786,2016-11-19 13:00
0.7787,2016-11-19 12:00
0.7788,2016-11-19 11:00
0.7789,2016-11-19 10:00
0.7790,2016-11-19 09:00
0.7793,2016-11-19 08:00
0.7797,2016-11-19 07:00
0.7800,2016-11-19 06:00
0.7802,2016-11-19 05:00
0.7800,2016-11-19 04:00
0.7792,2016-11-19 03:00
0.7780,2016-11-19 02:00
0.7774,2016-11-19 01:00
0.7776,2016-11-19 00:00
0.7777,2016-11-18 23:00
0.7778,2016-11-18 22:00
0.7778,2016-11-18 21:00
0.7779,2016-11-18 20:00
0.7779,2016-11-18 19:00
0.7778,2016-11-18 18:00
0.7776,2016-11-18 17:00
0.7772,2016-11-18 16:00
0.7766,2016-11-18 15:00
0.7759,2016-11-18 14:00
0.7760,2016-11-18 13:00
0.7760,2016-11-18 12:00
0.7761,2016-11-18 11:00
0.7761,2016-11-18 10:00
0.7762,2016-11-18 09:00
0.7763,2016-11-18 08:00
0.7763,2016-11-18 07:00
0.7764,2016-11-18 06:00
0.7765,2016-11-18 05:00
0.7765,2016-11-18 04:00
0.7766,2016-11-18 03:00
0.7766,2016-11-18 02:00
0.7767,2016-11-18 01:00
0.7767,2016-11-18 00:00
0.7768,2016-11-17 23:00
0.7769,2016-11-17 22:00
0.7769,2016-11-17 21:00
0.7770,2016-11-17 20:00
0.7770,2016-11-17 19:00
0.7771,2016-11-17 18:00
0.7772,2016-11-17 17:00
0.7772,2016-11-17 16:00
0.7773,2016-11-17 15:00
0.7773,2016-11-17 14:00
0.7774,2016-11-17 13:00
0.7774,2016-11-17 12:00
0.7775,2016-11-17 11:00
0.7775,2016-11-17 10:00
0.7776,2016-11-17 09:00
0.7777,2016-11-17 08:00
0.7777,2016-11-17 07:00
0.7778,2016-11-17 06:00
0.7778,2016-11-17 05:00
0.7779,2016-11-17 04:00
0.7779,2016-11-17 03:00
0.7780,2016-11-17 02:00
0.7780,2016-11-17 01:00
0.7781,2016-11-17 00:00
0.7781,2016-11-16 23:00
0.7782,2016-11-16 22:00
0.7782,2016-11-16 21:00
0.7783,2016-11-16 20:00
0.7784,2016-11-16 19:00
0.7784,2016-11-16 18:00
0.7785,2016-11-16 17:00
0.7785,2016-11-16 16:00
0.7786,2016-11-16 15:00
0.7786,2016-11-16 14:00
0.7787,2016-11-16 13:00
0.7787,2016-11-16 12:00
0.7788,2016-11-16 11:00
0.7788,2016-11-16 10:00
0.7789,2016-11-16 09:00
0.7789,2016-11-16 08:00
0.7790,2016-11-16 07:00
0.7790,2016-11-16 06:00
0.7790,2016-11-16 05:00
0.7791,2016-11-16 04:00
0.7791,2016-11-16 03:00
0.7792,2016-11-16 02:00
0.7792,2016-11-16 01:00
0.7793,2016-11-16 00:00
0.7793,2016-11-15 23:00
0.7794,2016-11-15 22:00
0.7794,2016-11-15 21:00
0.7795,2016-11-15 20:00
0.7795,2016-11-15 19:00
0.7796,2016-11-15 18:00
0.7796,2016-11-15 17:00
0.7797,2016-11-15 16:00
0.7797,2016-11-15 15:00
0.7797,2016-11-15 14:00
0.7798,2016-11-15 13:00
0.7798,2016-11-15 12:00
0.7799,2016-11-15 11:00
0.7799,2016-11-15 10:00
0.7800,2016-11-15 09:00
0.7800,2016-11-15 08:00
0.7800,2016-11-15 07:00
0.7801,2016-11-15 06:00
0.7801,2016-11-15 05:00
0.7802,2016-11-15 04:00
0.7802,2016-11-15 03:00
0.7802,2016-11-15 02:00
0.7803,2016-11-15 01:00
0.7803,2016-11-15 00:00
0.7804,2016-11-14 23:00
0.7804,2016-11-14 22:00
0.7804,2016-11-14 21:00
0.7805,2016-11-14 20:00
0.7805,2016-11-14 19:00
0.7806,2016-11-14 18:00
0.7806,2016-11-14 17:00
0.7806,2016-11-14 16:00
0.7807,2016-11-14 15:00
0.7807,2016-11-14 14:00
0.7807,2016-11-14 13:00
0.7808,2016-11-14 12:00
0.7808,2016-11-14 11:00
0.7809,2016-11-14 10:00
0.7809,2016-11-14 09:00
0.7809,2016-11-14 08:00
0.7810,2016-11-14 07:00
0.7810,2016-11-14 06:00
0.7810,2016-11-14 05:00
0.7811,2016-11-14 04:00
0.7811,2016-11-14 03:00
0.7811,2016-11-14 02:00
0.7812,2016-11-14 01:00
0.7812,2016-11-14 00:00
0.7812,2016-11-13 23:00
0.7813,2016-11-13 22:00
0.7813,2016-11-13 21:00
0.7813,2016-11-13 20:00
0.7814,2016-11-13 19:00
0.7814,2016-11-13 18:00
0.7814,2016-11-13 17:00
0.7815,2016-11-13 16:00
0.7815,2016-11-13 15:00
0.7815,2016-11-13 14:00
0.7815,2016-11-13 13:00
0.7816,2016-11-13 12:00
0.7816,2016-11-13 11:00
0.7816,2016-11-13 10:00
0.7817,2016-11-13 09:00
0.7817,2016-11-13 08:00
0.7817,2016-11-13 07:00
0.7817,2016-11-13 06:00
0.7818,2016-11-13 05:00
0.7818,2016-11-13 04:00
0.7818,2016-11-13 03:00
0.7818,2016-11-13 02:00
0.7819,2016-11-13 01:00
0.7819,2016-11-13 00:00
0.7819,2016-11-12 23:00
0.7819,2016-11-12 22:00
0.7820,2016-11-12 21:00
0.7820,2016-11-12 20:00
0.7820,2016-11-12 19:00
0.7820,2016-11-12 18:00
0.7821,2016-11-12 17:00
0.7821,2016-11-12 16:00
0.7821,2016-11-12 15:00
0.7821,2016-11-12 14:00
0.7821,2016-11-12 13:00
0.7822,2016-11-12 12:00
0.7822,2016-11-12 11:00
0.7822,2016-11-12 10:00
0.7822,2016-11-12 09:00
0.7822,2016-11-12 08:00
0.7823,2016-11-12 07:00
0.7823,2016-11-12 06:00
0.7823,2016-11-12 05:00
0.7823,2016-11-12 04:00
0.7823,2016-11-12 03:00
0.7824,2016-11-12 02:00
0.7824,2016-11-12 01:00
0.7824,2016-11-12 00:00
0.7824,2016-11-11 23:00
0.7824,2016-11-11 22:00
0.7824,2016-11-11 21:00
0.7824,2016-11-11 20:00
0.7825,2016-11-11 19:00
0.7825,2016-11-11 18:00
0.7825,2016-11-11 17:00
0.7825,2016-11-11 16:00
0.7825,2016-11-11 15:00
0.7825,2016-11-11 14:00
0.7825,2016-11-11 13:00
0.7826,2016-11-11 12:00
0.7826,2016-11-11 11:00
0.7826,2016-11-11 10:00
0.7826,2016-11-11 09:00
0.7826,2016-11-11 08:00
0.7826,2016-11-11 07:00
0.7826,2016-11-11 06:00
0.7826,2016-11-11 05:00
0.7826,2016-11-11 04:00
0.7826,2016-11-11 03:00
0.7827,2016-11-11 02:00
0.7827,2016-11-11 01:00
0.7827,2016-11-11 00:00
0.7827,2016-11-10 23:00
0.7827,2016-11-10 22:00
0.7827,2016-11-10 21:00
0.7827,2016-11-10 20:00
0.7827,2016-11-10 19:00
0.7827,2016-11-10 18:00
0.7827,2016-11-10 17:00
0.7827,2016-11-10 16:00
0.7827,2016-11-10 15:00
0.7827,2016-11-10 14:00
0.7827,2016-11-10 13:00
0.7827,2016-11-10 12:00
0.7827,2016-11-10 11:00
0.7827,2016-11-10 10:00
0.7827,2016-11-10 09:00
0.7827,2016-11-10 08:00
0.7827,2016-11-10 07:00
0.7827,2016-11-10 06:00
0.7828,2016-11-10 05:00
0.7828,2016-11-10 04:00
0.7828,2016-11-10 03:00
0.7828,2016-11-10 02:00
0.7828,2016-11-10 01:00
0.7828,2016-11-10 00:00
0.7829,2016-11-09 23:00
0.7829,2016-11-09 22:00
0.7830,2016-11-09 21:00
0.7831,2016-11-09 20:00
0.7832,2016-11-09 19:00
0.7834,2016-11-09 18:00
0.7836,2016-11-09 17:00
0.7839,2016-11-09 16:00
0.7843,2016-11-09 15:00
0.7848,2016-11-09 14:00
0.7854,2016-11-09 13:00
0.7861,2016-11-09 12:00
0.7870,2016-11-09 11:00
0.7880,2016-11-09 10:00
0.7891,2016-11-09 09:00
0.7904,2016-11-09 08:00
0.7918,2016-11-09 07:00
0.7934,2016-11-09 06:00
0.7950,2016-11-09 05:00
0.7968,2016-11-09 04:00
0.7986,2016-11-09 03:00
0.8003,2016-11-09 02:00
0.8020,2016-11-09 01:00
0.8036,2016-11-09 00:00
0.8051,2016-11-08 23:00
0.8064,2016-11-08 22:00
0.8076,2016-11-08 21:00
0.8085,2016-11-08 20:00
0.8093,2016-11-08 19:00
0.8098,2016-11-08 18:00
0.8102,2016-11-08 17:00
0.8105,2016-11-08 16:00
0.8106,2016-11-08 15:00
0.8104,2016-11-08 14:00
0.8095,2016-11-08 13:00
0.8077,2016-11-08 12:00
0.8052,2016-11-08 11:00
0.8023,2016-11-08 10:00
0.8000,2016-11-08 09:00
0.7980,2016-11-08 08:00
0.7964,2016-11-08 07:00
0.7946,2016-11-08 06:00
0.7917,2016-11-08 05:00
0.7877,2016-11-08 04:00
0.7834,2016-11-08 03:00
0.7823,2016-11-08 02:00
0.7823,2016-11-08 01:00
0.7822,2016-11-08 00:00
0.7822,2016-11-07 23:00
0.7822,2016-11-07 22:00
0.7822,2016-11-07 21:00
0.7822,2016-11-07 20:00
0.7822,2016-11-07 19:00
0.7821,2016-11-07 18:00
0.7821,2016-11-07 17:00
0.7821,2016-11-07 16:00
0.7821,2016-11-07 15:00
0.7821,2016-11-07 14:00
0.7820,2016-11-07 13:00
0.7820,2016-11-07 12:00
0.7820,2016-11-07 11:00
0.7820,2016-11-07 10:00
0.7820,2016-11-07 09:00
0.7819,2016-11-07 08:00
0.7819,2016-11-07 07:00
0.7819,2016-11-07 06:00
0.7819,2016-11-07 05:00
0.7818,2016-11-07 04:00
0.7818,2016-11-07 03:00
0.7818,2016-11-07 02:00
0.7818,2016-11-07 01:00
0.7817,2016-11-07 00:00
0.7817,2016-11-06 23:00
0.7817,2016-11-06 22:00
0.7816,2016-11-06 21:00
0.7816,2016-11-06 20:00
0.7816,2016-11-06 19:00
0.7816,2016-11-06 18:00
0.7815,2016-11-06 17:00
0.7815,2016-11-06 16:00
0.7815,2016-11-06 15:00
0.7814,2016-11-06 14:00
0.7814,2016-11-06 13:00
0.7814,2016-11-06 12:00
0.7813,2016-11-06 11:00
0.7813,2016-11-06 10:00
0.7813,2016-11-06 09:00
0.7812,2016-11-06 08:00
0.7812,2016-11-06 07:00
0.7812,2016-11-06 06:00
0.7811,2016-11-06 05:00
0.7811,2016-11-06 04:00
0.7810,2016-11-06 03:00
0.7810,2016-11-06 02:00
0.7810,2016-11-06 01:00
0.7809,2016-11-06 00:00
0.7809,2016-11-05 23:00
0.7808,2016-11-05 22:00
0.7808,2016-11-05 21:00
0.7808,2016-11-05 20:00
0.7807,2016-11-05 19:00
0.7807,2016-11-05 18:00
0.7806,2016-11-05 17:00
0.7806,2016-11-05 16:00
0.7805,2016-11-05 15:00
0.7805,2016-11-05 14:00
0.7805,2016-11-05 13:00
0.7804,2016-11-05 12:00
0.7804,2016-11-05 11:00
0.7803,2016-11-05 10:00
0.7803,2016-11-05 09:00
0.7802,2016-11-05 08:00
0.7802,2016-11-05 07:00
0.7801,2016-11-05 06:00
0.7801,2016-11-05 05:00
0.7800,2016-11-05 04:00
0.7800,2016-11-05 03:00
0.7799,2016-11-05 02:00
0.7799,2016-11-05 01:00
0.7798,2016-11-05 00:00
0.7798,2016-11-04 23:00
0.7797,2016-11-04 22:00
0.7796,2016-11-04 21:00
0.7796,2016-11-04 20:00
0.7795,2016-11-04 19:00
0.7795,2016-11-04 18:00
0.7794,2016-11-04 17:00
0.7794,2016-11-04 16:00
0.7793,2016-11-04 15:00
0.7793,2016-11-04 14:00
0.7792,2016-11-04 13:00
0.7791,2016-11-04 12:00
0.7791,2016-11-04 11:00
0.7790,2016-11-04 10:00
0.7790,2016-11-04 09:00
0.7790,2016-11-04 08:00
0.7789,2016-11-04 07:00
0.7789,2016-11-04 06:00
0.7789,2016-11-04 05:00
0.7789,2016-11-04 04:00
0.7789,2016-11-04 03:00
0.7790,2016-11-04 02:00
0.7791,2016-11-04 01:00
0.7793,2016-11-04 00:00
0.7795,2016-11-03 23:00
0.7799,2016-11-03 22:00
0.7803,2016-11-03 21:00
0.7810,2016-11-03 20:00
0.7818,2016-11-03 19:00
0.7828,2016-11-03 18:00
0.7840,2016-11-03 17:00
0.7855,2016-11-03 16:00
0.7872,2016-11-03 15:00
0.7891,2016-11-03 14:00
0.7912,2016-11-03 13:00
0.7935,2016-11-03 12:00
0.7959,2016-11-03 11:00
0.7983,2016-11-03 10:00
0.8008,2016-11-03 09:00
0.8032,2016-11-03 08:00
0.8054,2016-11-03 07:00
0.8075,2016-11-03 06:00
0.8093,2016-11-03 05:00
0.8108,2016-11-03 04:00
0.8119,2016-11-03 03:00
0.8125,2016-11-03 02:00
0.8128,2016-11-03 01:00
0.8130,2016-11-03 00:00
0.8132,2016-11-02 23:00
0.8136,2016-11-02 22:00
0.8140,2016-11-02 21:00
0.8138,2016-11-02 20:00
0.8119,2016-11-02 19:00
0.8071,2016-11-02 18:00
0.7990,2016-11-02 17:00
0.7889,2016-11-02 16:00
0.7812,2016-11-02 15:00
0.7797,2016-11-02 14:00
0.7785,2016-11-02 13:00
0.7769,2016-11-02 12:00
0.7755,2016-11-02 11:00
0.7754,2016-11-02 10:00
0.7753,2016-11-02 09:00
0.7752,2016-11-02 08:00
0.7751,2016-11-02 07:00
0.7750,2016-11-02 06:00
0.7749,2016-11-02 05:00
0.7749,2016-11-02 04:00
0.7748,2016-11-02 03:00
0.7747,2016-11-02 02:00
0.7746,2016-11-02 01:00
0.7745,2016-11-02 00:00
0.7744,2016-11-01 23:00
0.7743,2016-11-01 22:00
0.7742,2016-11-01 21:00
0.7741,2016-11-01 20:00
0.7740,2016-11-01 19:00
0.7739,2016-11-01 18:00
0.7738,2016-11-01 17:00
0.7737,2016-11-01 16:00
0.7736,2016-11-01 15:00
0.7736,2016-11-01 14:00
0.7735,2016-11-01 13:00
0.7734,2016-11-01 12:00
0.7733,2016-11-01 11:00
0.7732,2016-11-01 10:00
0.7731,2016-11-01 09:00
0.7730,2016-11-01 08:00
0.7729,2016-11-01 07:00
0.7728,2016-11-01 06:00
0.7727,2016-11-01 05:00
0.7726,2016-11-01 04:00
0.7725,2016-11-01 03:00
0.7724,2016-11-01 02:00
0.7724,2016-11-01 01:00
0.7723,2016-11-01 00:00
0.7722,2016-10-31 23:00
0.7722,2016-10-31 22:00
0.7721,2016-10-31 21:00
0.7721,2016-10-31 20:00
0.7721,2016-10-31 19:00
0.7722,2016-10-31 18:00
0.7722,2016-10-31 17:00
0.7724,2016-10-31 16:00
0.7726,2016-10-31 15:00
0.7730,2016-10-31 14:00
0.7734,2016-10-31 13:00
0.7740,2016-10-31 12:00
0.7747,2016-10-31 11:00
0.7756,2016-10-31 10:00
0.7766,2016-10-31 09:00
0.7777,2016-10-31 08:00
0.7789,2016-10-31 07:00
0.7802,2016-10-31 06:00
0.7814,2016-10-31 05:00
0.7826,2016-10-31 04:00
0.7835,2016-10-31 03:00
0.7843,2016-10-31 02:00
0.7848,2016-10-31 01:00
0.7849,2016-10-31 00:00
0.7848,2016-10-30 23:00
0.7844,2016-10-30 22:00
0.7837,2016-10-30 21:00
0.7829,2016-10-30 20:00
0.7821,2016-10-30 19:00
0.7812,2016-10-30 18:00
0.7803,2016-10-30 17:00
0.7793,2016-10-30 16:00
0.7784,2016-10-30 15:00
0.7774,2016-10-30 14:00
0.7764,2016-10-30 13:00
0.7755,2016-10-30 12:00
0.7748,2016-10-30 11:00
0.7740,2016-10-30 10:00
0.7729,2016-10-30 09:00
0.7712,2016-10-30 08:00
0.7690,2016-10-30 07:00
0.7673,2016-10-30 06:00
0.7671,2016-10-30 05:00
0.7670,2016-10-30 04:00
0.7669,2016-10-30 03:00
0.7667,2016-10-30 02:00
0.7666,2016-10-30 01:00
0.7664,2016-10-30 00:00
0.7663,2016-10-29 23:00
0.7662,2016-10-29 22:00
0.7660,2016-10-29 21:00
0.7659,2016-10-29 20:00
0.7657,2016-10-29 19:00
0.7656,2016-10-29 18:00
0.7655,2016-10-29 17:00
0.7653,2016-10-29 16:00
0.7652,2016-10-29 15:00
0.7650,2016-10-29 14:00
0.7649,2016-10-29 13:00
0.7647,2016-10-29 12:00
0.7646,2016-10-29 11:00
0.7644,2016-10-29 10:00
0.7643,2016-10-29 09:00
0.7642,2016-10-29 08:00
0.7640,2016-10-29 07:00
0.7639,2016-10-29 06:00
0.7637,2016-10-29 05:00
0.7636,2016-10-29 04:00
0.7635,2016-10-29 03:00
0.7633,2016-10-29 02:00
0.7632,2016-10-29 01:00
0.7631,2016-10-29 00:00
0.7630,2016-10-28 23:00
0.7628,2016-10-28 22:00
0.7627,2016-10-28 21:00
0.7626,2016-10-28 20:00
0.7625,2016-10-28 19:00
0.7624,2016-10-28 18:00
0.7624,2016-10-28 17:00
0.7623,2016-10-28 16:00
0.7623,2016-10-28 15:00
0.7622,2016-10-28 14:00
0.7622,2016-10-28 13:00
0.7623,2016-10-28 12:00
0.7624,2016-10-28 11:00
0.7625,2016-10-28 10:00
0.7627,2016-10-28 09:00
0.7630,2016-10-28 08:00
0.7634,2016-10-28 07:00
0.7639,2016-10-28 06:00
0.7647,2016-10-28 05:00
0.7657,2016-10-28 04:00
0.7670,2016-10-28 03:00
0.7688,2016-10-28 02:00
0.7712,2016-10-28 01:00
0.7743,2016-10-28 00:00
0.7784,2016-10-27 23:00
0.7838,2016-10-27 22:00
0.7907,2016-10-27 21:00
0.7998,2016-10-27 20:00
0.8114,2016-10-27 19:00
0.8262,2016-10-27 18:00
0.8449,2016-10-27 17:00
0.8683,2016-10-27 16:00
0.8975,2016-10-27 15:00
0.9334,2016-10-27 14:00
0.9774,2016-10-27 13:00
1.0307,2016-10-27 12:00
1.0949,2016-10-27 11:00
1.1715,2016-10-27 10:00
1.2621,2016-10-27 09:00
1.3681,2016-10-27 08:00
1.4906,2016-10-27 07:00
1.6301,2016-10-27 06:00
1.7860,2016-10-27 05:00
1.9560,2016-10-27 04:00
2.1352,2016-10-27 03:00
2.3160,2016-10-27 02:00
2.4870,2016-10-27 01:00
2.6345,2016-10-27 00:00
2.7437,2016-10-26 23:00
2.8019,2016-10-26 22:00
2.8025,2016-10-26 21:00
2.7485,2016-10-26 20:00
2.6516,2016-10-26 19:00
2.5270,2016-10-26 18:00
2.3856,2016-10-26 17:00
2.2319,2016-10-26 16:00
2.0711,2016-10-26 15:00
1.9110,2016-10-26 14:00
1.7504,2016-10-26 13:00
1.5739,2016-10-26 12:00
1.3798,2016-10-26 11:00
1.1936,2016-10-26 10:00
1.0340,2016-10-26 09:00
0.9194,2016-10-26 08:00
0.8608,2016-10-26 07:00
0.8350,2016-10-26 06:00
0.8178,2016-10-26 05:00
0.7979,2016-10-26 04:00
0.7860,2016-10-26 03:00
0.7799,2016-10-26 02:00
0.7765,2016-10-26 01:00
0.7754,2016-10-26 00:00
0.7744,2016-10-25 23:00
0.7733,2016-10-25 22:00
0.7724,2016-10-25 21:00
0.7715,2016-10-25 20:00
0.7701,2016-10-25 19:00
0.7677,2016-10-25 18:00
0.7637,2016-10-25 17:00
0.7591,2016-10-25 16:00
0.7555,2016-10-25 15:00
0.7555,2016-10-25 14:00
0.7556,2016-10-25 13:00
0.7557,2016-10-25 12:00
0.7557,2016-10-25 11:00
0.7558,2016-10-25 10:00
0.7559,2016-10-25 09:00
0.7559,2016-10-25 08:00
0.7560,2016-10-25 07:00
0.7561,2016-10-25 06:00
0.7561,2016-10-25 05:00
0.7562,2016-10-25 04:00
0.7563,2016-10-25 03:00
0.7563,2016-10-25 02:00
0.7564,2016-10-25 01:00
0.7565,2016-10-25 00:00
0.7565,2016-10-24 23:00
0.7566,2016-10-24 22:00
0.7567,2016-10-24 21:00
0.7567,2016-10-24 20:00
0.7568,2016-10-24 19:00
0.7568,2016-10-24 18:00
0.7569,2016-10-24 17:00
0.7570,2016-10-24 16:00
0.7570,2016-10-24 15:00
0.7571,2016-10-24 14:00
0.7572,2016-10-24 13:00
0.7572,2016-10-24 12:00
0.7573,2016-10-24 11:00
0.7573,2016-10-24 10:00
0.7574,2016-10-24 09:00
0.7575,2016-10-24 08:00
0.7575,2016-10-24 07:00
0.7576,2016-10-24 06:00
0.7576,2016-10-24 05:00
0.7577,2016-10-24 04:00
0.7578,2016-10-24 03:00
0.7578,2016-10-24 02:00
0.7579,2016-10-24 01:00
0.7579,2016-10-24 00:00
0.7580,2016-10-23 23:00
0.7581,2016-10-23 22:00
0.7581,2016-10-23 21:00
0.7582,2016-10-23 20:00
0.7582,2016-10-23 19:00
0.7583,2016-10-23 18:00
0.7583,2016-10-23 17:00
0.7584,2016-10-23 16:00
0.7585,2016-10-23 15:00
0.7585,2016-10-23 14:00
0.7586,2016-10-23 13:00
0.7586,2016-10-23 12:00
0.7587,2016-10-23 11:00
0.7587,2016-10-23 10:00
0.7588,2016-10-23 09:00
0.7588,2016-10-23 08:00
0.7589,2016-10-23 07:00
0.7589,2016-10-23 06:00
0.7590,2016-10-23 05:00
0.7591,2016-10-23 04:00
0.7591,2016-10-23 03:00
0.7592,2016-10-23 02:00
0.7592,2016-10-23 01:00
0.7593,2016-10-23 00:00
0.7593,2016-10-22 23:00
0.7594,2016-10-22 22:00
0.7594,2016-10-22 21:00
0.7595,2016-10-22 20:00
0.7595,2016-10-22 19:00
0.7596,2016-10-22 18:00
0.7596,2016-10-22 17:00
0.7597,2016-10-22 16:00
0.7597,2016-10-22 15:00
0.7598,2016-10-22 14:00
0.7598,2016-10-22 13:00
0.7599,2016-10-22 12:00
0.7599,2016-10-22 11:00
0.7599,2016-10-22 10:00
0.7600,2016-10-22 09:00
0.7600,2016-10-22 08:00
0.7601,2016-10-22 07:00
0.7601,2016-10-22 06:00
0.7602,2016-10-22 05:00
0.7602,2016-10-22 04:00
0.7603,2016-10-22 03:00
0.7603,2016-10-22 02:00
0.7604,2016-10-22 01:00
0.7604,2016-10-22 00:00
0.7604,2016-10-21 23:00
0.7605,2016-10-21 22:00
0.7605,2016-10-21 21:00
0.7606,2016-10-21 20:00
0.7606,2016-10-21 19:00
0.7607,2016-10-21 18:00
0.7607,2016-10-21 17:00
0.7607,2016-10-21 16:00
0.7608,2016-10-21 15:00
0.7608,2016-10-21 14:00
0.7609,2016-10-21 13:00
0.7609,2016-10-21 12:00
0.7609,2016-10-21 11:00
0.7610,2016-10-21 10:00
0.7610,2016-10-21 09:00
0.7611,2016-10-21 08:00
0.7611,2016-10-21 07:00
0.7611,2016-10-21 06:00
0.7612,2016-10-21 05:00
0.7612,2016-10-21 04:00
0.7612,2016-10-21 03:00
0.7613,2016-10-21 02:00
0.7613,2016-10-21 01:00
0.7614,2016-10-21 00:00
0.7614,2016-10-20 23:00
0.7614,2016-10-20 22:00
0.7615,2016-10-20 21:00
0.7615,2016-10-20 20:00
0.7615,2016-10-20 19:00
0.7616,2016-10-20 18:00
0.7616,2016-10-20 17:00
0.7616,2016-10-20 16:00
0.7617,2016-10-20 15:00
0.7617,2016-10-20 14:00
0.7617,2016-10-20 13:00
0.7618,2016-10-20 12:00
0.7618,2016-10-20 11:00
0.7618,2016-10-20 10:00
0.7618,2016-10-20 09:00
0.7619,2016-10-20 08:00
0.7619,2016-10-20 07:00
0.7619,2016-10-20 06:00
0.7620,2016-10-20 05:00
0.7620,2016-10-20 04:00
0.7620,2016-10-20 03:00
0.7620,2016-10-20 02:00
0.7621,2016-10-20 01:00
0.7621,2016-10-20 00:00
0.7621,2016-10-19 23:00
0.7622,2016-10-19 22:00
0.7622,2016-10-19 21:00
0.7622,2016-10-19 20:00
0.7622,2016-10-19 19:00
0.7623,2016-10-19 18:00
0.7623,2016-10-19 17:00
0.7623,2016-10-19 16:00
0.7623,2016-10-19 15:00
0.7624,2016-10-19 14:00
0.7624,2016-10-19 13:00
0.7624,2016-10-19 12:00
0.7624,2016-10-19 11:00
0.7625,2016-10-19 10:00
0.7625,2016-10-19 09:00
0.7625,2016-10-19 08:00
0.7626,2016-10-19 07:00
0.7626,2016-10-19 06:00
0.7627,2016-10-19 05:00
0.7628,2016-10-19 04:00
0.7629,2016-10-19 03:00
0.7630,2016-10-19 02:00
0.7631,2016-10-19 01:00
0.7633,2016-10-19 00:00
0.7635,2016-10-18 23:00
0.7638,2016-10-18 22:00
0.7641,2016-10-18 21:00
0.7645,2016-10-18 20:00
0.7649,2016-10-18 19:00
0.7653,2016-10-18 18:00
0.7658,2016-10-18 17:00
0.7663,2016-10-18 16:00
0.7668,2016-10-18 15:00
0.7673,2016-10-18 14:00
0.7678,2016-10-18 13:00
0.7682,2016-10-18 12:00
0.7685,2016-10-18 11:00
0.7688,2016-10-18 10:00
0.7689,2016-10-18 09:00
0.7690,2016-10-18 08:00
0.7690,2016-10-18 07:00
0.7689,2016-10-18 06:00
0.7687,2016-10-18 05:00
0.7685,2016-10-18 04:00
0.7683,2016-10-18 03:00
0.7680,2016-10-18 02:00
0.7677,2016-10-18 01:00
0.7674,2016-10-18 00:00
0.7670,2016-10-17 23:00
0.7666,2016-10-17 22:00
0.7660,2016-10-17 21:00
0.7654,2016-10-17 20:00
0.7647,2016-10-17 19:00
0.7645,2016-10-17 18:00
0.7641,2016-10-17 17:00
0.7636,2016-10-17 16:00
0.7631,2016-10-17 15:00
0.7631,2016-10-17 14:00
0.7632,2016-10-17 13:00
0.7633,2016-10-17 12:00
0.7634,2016-10-17 11:00
0.7635,2016-10-17 10:00
0.7636,2016-10-17 09:00
0.7638,2016-10-17 08:00
0.7641,2016-10-17 07:00
0.7644,2016-10-17 06:00
0.7647,2016-10-17 05:00
0.7651,2016-10-17 04:00
0.7656,2016-10-17 03:00
0.7661,2016-10-17 02:00
0.7667,2016-10-17 01:00
0.7673,2016-10-17 00:00
0.7680,2016-10-16 23:00
0.7688,2016-10-16 22:00
0.7696,2016-10-16 21:00
0.7705,2016-10-16 20:00
0.7714,2016-10-16 19:00
0.7723,2016-10-16 18:00
0.7732,2016-10-16 17:00
0.7739,2016-10-16 16:00
0.7746,2016-10-16 15:00
0.7752,2016-10-16 14:00
0.7756,2016-10-16 13:00
0.7759,2016-10-16 12:00
0.7760,2016-10-16 11:00
0.7760,2016-10-16 10:00
0.7759,2016-10-16 09:00
0.7757,2016-10-16 08:00
0.7754,2016-10-16 07:00
0.7749,2016-10-16 06:00
0.7739,2016-10-16 05:00
0.7725,2016-10-16 04:00
0.7708,2016-10-16 03:00
0.7696,2016-10-16 02:00
0.7689,2016-10-16 01:00
0.7681,2016-10-16 00:00
0.7671,2016-10-15 23:00
0.7658,2016-10-15 22:00
0.7650,2016-10-15 21:00
0.7640,2016-10-15 20:00
0.7634,2016-10-15 19:00
0.7628,2016-10-15 18:00
0.7628,2016-10-15 17:00
0.7628,2016-10-15 16:00
0.7627,2016-10-15 15:00
0.7627,2016-10-15 14:00
0.7627,2016-10-15 13:00
0.7627,2016-10-15 12:00
0.7627,2016-10-15 11:00
0.7627,2016-10-15 10:00
0.7626,2016-10-15 09:00
0.7626,2016-10-15 08:00
0.7626,2016-10-15 07:00
0.7626,2016-10-15 06:00
0.7626,2016-10-15 05:00
0.7625,2016-10-15 04:00
0.7625,2016-10-15 03:00
0.7625,2016-10-15 02:00
0.7625,2016-10-15 01:00
0.7625,2016-10-15 00:00
0.7624,2016-10-14 23:00
0.7624,2016-10-14 22:00
0.7624,2016-10-14 21:00
0.7624,2016-10-14 20:00
0.7623,2016-10-14 19:00
0.7623,2016-10-14 18:00
0.7623,2016-10-14 17:00
0.7623,2016-10-14 16:00
0.7623,2016-10-14 15:00
0.7622,2016-10-14 14:00
0.7622,2016-10-14 13:00
0.7622,2016-10-14 12:00
0.7622,2016-10-14 11:00
0.7622,2016-10-14 10:00
0.7622,2016-10-14 09:00
0.7623,2016-10-14 08:00
0.7623,2016-10-14 07:00
0.7624,2016-10-14 06:00
0.7625,2016-10-14 05:00
0.7627,2016-10-14 04:00
0.7630,2016-10-14 03:00
0.7634,2016-10-14 02:00
0.7638,2016-10-14 01:00
0.7644,2016-10-14 00:00
0.7652,2016-10-13 23:00
0.7661,2016-10-13 22:00
0.7671,2016-10-13 21:00
0.7684,2016-10-13 20:00
0.7697,2016-10-13 19:00
0.7712,2016-10-13 18:00
0.7728,2016-10-13 17:00
0.7744,2016-10-13 16:00
0.7761,2016-10-13 15:00
0.7777,2016-10-13 14:00
0.7793,2016-10-13 13:00
0.7808,2016-10-13 12:00
0.7822,2016-10-13 11:00
0.7833,2016-10-13 10:00
0.7842,2016-10-13 09:00
0.7847,2016-10-13 08:00
0.7849,2016-10-13 07:00
0.7848,2016-10-13 06:00
0.7844,2016-10-13 05:00
0.7839,2016-10-13 04:00
0.7832,2016-10-13 03:00
0.7826,2016-10-13 02:00
0.7821,2016-10-13 01:00
0.7818,2016-10-13 00:00
0.7816,2016-10-12 23:00
0.7812,2016-10-12 22:00
0.7799,2016-10-12 21:00
0.7768,2016-10-12 20:00
0.7718,2016-10-12 19:00
0.7677,2016-10-12 18:00
0.7693,2016-10-12 17:00
0.7722,2016-10-12 16:00
0.7760,2016-10-12 15:00
0.7808,2016-10-12 14:00
0.7868,2016-10-12 13:00
0.7940,2016-10-12 12:00
0.8026,2016-10-12 11:00
0.8125,2016-10-12 10:00
0.8238,2016-10-12 09:00
0.8363,2016-10-12 08:00
0.8498,2016-10-12 07:00
0.8640,2016-10-12 06:00
0.8784,2016-10-12 05:00
0.8926,2016-10-12 04:00
0.9061,2016-10-12 03:00
0.9183,2016-10-12 02:00
0.9288,2016-10-12 01:00
0.9374,2016-10-12 00:00
0.9437,2016-10-11 23:00
0.9477,2016-10-11 22:00
0.9494,2016-10-11 21:00
0.9490,2016-10-11 20:00
0.9464,2016-10-11 19:00
0.9416,2016-10-11 18:00
0.9347,2016-10-11 17:00
0.9259,2016-10-11 16:00
0.9158,2016-10-11 15:00
0.9049,2016-10-11 14:00
0.8930,2016-10-11 13:00
0.8792,2016-10-11 12:00
0.8622,2016-10-11 11:00
0.8429,2016-10-11 10:00
0.8242,2016-10-11 09:00
0.8054,2016-10-11 08:00
0.7856,2016-10-11 07:00
0.7678,2016-10-11 06:00
0.7614,2016-10-11 05:00
0.7601,2016-10-11 04:00
0.7589,2016-10-11 03:00
0.7589,2016-10-11 02:00
0.7588,2016-10-11 01:00
0.7588,2016-10-11 00:00
0.7588,2016-10-10 23:00
0.7587,2016-10-10 22:00
0.7587,2016-10-10 21:00
0.7587,2016-10-10 20:00
0.7587,2016-10-10 19:00
0.7586,2016-10-10 18:00
0.7586,2016-10-10 17:00
0.7586,2016-10-10 16:00
0.7585,2016-10-10 15:00
0.7585,2016-10-10 14:00
0.7584,2016-10-10 13:00
0.7584,2016-10-10 12:00
0.7584,2016-10-10 11:00
0.7583,2016-10-10 10:00
0.7583,2016-10-10 09:00
0.7583,2016-10-10 08:00
0.7582,2016-10-10 07:00
0.7582,2016-10-10 06:00
0.7581,2016-10-10 05:00
0.7581,2016-10-10 04:00
0.7580,2016-10-10 03:00
0.7580,2016-10-10 02:00
0.7580,2016-10-10 01:00
0.7579,2016-10-10 00:00
0.7579,2016-10-09 23:00
0.7578,2016-10-09 22:00
0.7578,2016-10-09 21:00
0.7577,2016-10-09 20:00
0.7577,2016-10-09 19:00
0.7576,2016-10-09 18:00
0.7576,2016-10-09 17:00
0.7575,2016-10-09 16:00
0.7575,2016-10-09 15:00
0.7574,2016-10-09 14:00
0.7574,2016-10-09 13:00
0.7573,2016-10-09 12:00
0.7573,2016-10-09 11:00
0.7572,2016-10-09 10:00
0.7572,2016-10-09 09:00
0.7571,2016-10-09 08:00
0.7571,2016-10-09 07:00
0.7570,2016-10-09 06:00
0.7570,2016-10-09 05:00
0.7569,2016-10-09 04:00
0.7569,2016-10-09 03:00
0.7568,2016-10-09 02:00
0.7568,2016-10-09 01:00
0.7567,2016-10-09 00:00
0.7567,2016-10-08 23:00
0.7567,2016-10-08 22:00
0.7567,2016-10-08 21:00
0.7567,2016-10-08 20:00
0.7567,2016-10-08 19:00
0.7568,2016-10-08 18:00
0.7569,2016-10-08 17:00
0.7570,2016-10-08 16:00
0.7573,2016-10-08 15:00
0.7576,2016-10-08 14:00
0.7581,2016-10-08 13:00
0.7587,2016-10-08 12:00
0.7595,2016-10-08 11:00
0.7605,2016-10-08 10:00
0.7617,2016-10-08 09:00
0.7632,2016-10-08 08:00
0.7649,2016-10-08 07:00
0.7669,2016-10-08 06:00
0.7692,2016-10-08 05:00
0.7717,2016-10-08 04:00
0.7743,2016-10-08 03:00
0.7770,2016-10-08 02:00
0.7796,2016-10-08 01:00
0.7820,2016-10-08 00:00
0.7840,2016-10-07 23:00
0.7855,2016-10-07 22:00
0.7864,2016-10-07 21:00
0.7865,2016-10-07 20:00
0.7859,2016-10-07 19:00
0.7845,2016-10-07 18:00
0.7827,2016-10-07 17:00
0.7806,2016-10-07 16:00
0.7786,2016-10-07 15:00
0.7771,2016-10-07 14:00
0.7761,2016-10-07 13:00
0.7754,2016-10-07 12:00
0.7751,2016-10-07 11:00
0.7750,2016-10-07 10:00
0.7750,2016-10-07 09:00
0.7746,2016-10-07 08:00
0.7731,2016-10-07 07:00
0.7697,2016-10-07 06:00
0.7638,2016-10-07 05:00
0.7571,2016-10-07 04:00
0.7535,2016-10-07 03:00
0.7535,2016-10-07 02:00
0.7534,2016-10-07 01:00
0.7534,2016-10-07 00:00
0.7534,2016-10-06 23:00
0.7535,2016-10-06 22:00
0.7536,2016-10-06 21:00
0.7537,2016-10-06 20:00
0.7540,2016-10-06 19:00
0.7543,2016-10-06 18:00
0.7548,2016-10-06 17:00
0.7554,2016-10-06 16:00
0.7562,2016-10-06 15:00
0.7572,2016-10-06 14:00
0.7585,2016-10-06 13:00
0.7600,2016-10-06 12:00
0.7618,2016-10-06 11:00
0.7639,2016-10-06 10:00
0.7663,2016-10-06 09:00
0.7691,2016-10-06 08:00
0.7722,2016-10-06 07:00
0.7757,2016-10-06 06:00
0.7794,2016-10-06 05:00
0.7835,2016-10-06 04:00
0.7877,2016-10-06 03:00
0.7921,2016-10-06 02:00
0.7964,2016-10-06 01:00
0.8004,2016-10-06 00:00
0.8041,2016-10-05 23:00
0.8072,2016-10-05 22:00
0.8095,2016-10-05 21:00
0.8111,2016-10-05 20:00
0.8117,2016-10-05 19:00
0.8115,2016-10-05 18:00
0.8104,2016-10-05 17:00
0.8084,2016-10-05 16:00
0.8057,2016-10-05 15:00
0.8023,2016-10-05 14:00
0.7982,2016-10-05 13:00
0.7933,2016-10-05 12:00
0.7877,2016-10-05 11:00
0.7823,2016-10-05 10:00
0.7786,2016-10-05 09:00
0.7752,2016-10-05 08:00
0.7711,2016-10-05 07:00
0.7659,2016-10-05 06:00
0.7582,2016-10-05 05:00
0.7510,2016-10-05 04:00
0.7486,2016-10-05 03:00
0.7485,2016-10-05 02:00
0.7484,2016-10-05 01:00
0.7483,2016-10-05 00:00
0.7482,2016-10-04 23:00
0.7480,2016-10-04 22:00
0.7479,2016-10-04 21:00
0.7478,2016-10-04 20:00
0.7477,2016-10-04 19:00
0.7476,2016-10-04 18:00
0.7474,2016-10-04 17:00
0.7473,2016-10-04 16:00
0.7472,2016-10-04 15:00
0.7471,2016-10-04 14:00
0.7469,2016-10-04 13:00
0.7468,2016-10-04 12:00
0.7467,2016-10-04 11:00
0.7466,2016-10-04 10:00
0.7464,2016-10-04 09:00
0.7463,2016-10-04 08:00
0.7462,2016-10-04 07:00
0.7461,2016-10-04 06:00
0.7459,2016-10-04 05:00
0.7458,2016-10-04 04:00
0.7457,2016-10-04 03:00
0.7455,2016-10-04 02:00
0.7454,2016-10-04 01:00
0.7453,2016-10-04 00:00
0.7451,2016-10-03 23:00
0.7450,2016-10-03 22:00
0.7448,2016-10-03 21:00
0.7447,2016-10-03 20:00
0.7446,2016-10-03 19:00
0.7444,2016-10-03 18:00
0.7443,2016-10-03 17:00
0.7441,2016-10-03 16:00
0.7440,2016-10-03 15:00
0.7438,2016-10-03 14:00
0.7437,2016-10-03 13:00
0.7436,2016-10-03 12:00
0.7434,2016-10-03 11:00
0.7433,2016-10-03 10:00
0.7431,2016-10-03 09:00
0.7430,2016-10-03 08:00
0.7428,2016-10-03 07:00
0.7427,2016-10-03 06:00
0.7425,2016-10-03 05:00
0.7423,2016-10-03 04:00
0.7422,2016-10-03 03:00
0.7420,2016-10-03 02:00
0.7419,2016-10-03 01:00
0.7417,2016-10-03 00:00
0.7416,2016-10-02 23:00
0.7414,2016-10-02 22:00
0.7412,2016-10-02 21:00
0.7411,2016-10-02 20:00
0.7409,2016-10-02 19:00
0.7407,2016-10-02 18:00
0.7406,2016-10-02 17:00
0.7404,2016-10-02 16:00
0.7403,2016-10-02 15:00
0.7401,2016-10-02 14:00
0.7399,2016-10-02 13:00
0.7397,2016-10-02 12:00
0.7396,2016-10-02 11:00
0.7394,2016-10-02 10:00
0.7392,2016-10-02 09:00
0.7391,2016-10-02 08:00
0.7389,2016-10-02 07:00
0.7387,2016-10-02 06:00
0.7385,2016-10-02 05:00
0.7384,2016-10-02 04:00
0.7382,2016-10-02 03:00
0.7380,2016-10-02 02:00
0.7378,2016-10-02 01:00
0.7376,2016-10-02 00:00
0.7375,2016-10-01 23:00
0.7373,2016-10-01 22:00
0.7371,2016-10-01 21:00
0.7369,2016-10-01 20:00
0.7368,2016-10-01 19:00
0.7366,2016-10-01 18:00
0.7364,2016-10-01 17:00
0.7363,2016-10-01 16:00
0.7361,2016-10-01 15:00
0.7359,2016-10-01 14:00
0.7358,2016-10-01 13:00
0.7356,2016-10-01 12:00
0.7355,2016-10-01 11:00
0.7353,2016-10-01 10:00
0.7352,2016-10-01 09:00
0.7350,2016-10-01 08:00
0.7349,2016-10-01 07:00
0.7347,2016-10-01 06:00
0.7346,2016-10-01 05:00
0.7344,2016-10-01 04:00
0.7343,2016-10-01 03:00
0.7341,2016-10-01 02:00
0.7340,2016-10-01 01:00
0.7339,2016-10-01 00:00
0.7337,2016-09-30 23:00
0.7336,2016-09-30 22:00
0.7334,2016-09-30 21:00
0.7333,2016-09-30 20:00
0.7331,2016-09-30 19:00
0.7330,2016-09-30 18:00
0.7328,2016-09-30 17:00
0.7327,2016-09-30 16:00
0.7325,2016-09-30 15:00
0.7323,2016-09-30 14:00
0.7322,2016-09-30 13:00
0.7320,2016-09-30 12:00
0.7319,2016-09-30 11:00
0.7317,2016-09-30 10:00
0.7315,2016-09-30 09:00
0.7314,2016-09-30 08:00
0.7312,2016-09-30 07:00
0.7310,2016-09-30 06:00
0.7309,2016-09-30 05:00
0.7307,2016-09-30 04:00
0.7305,2016-09-30 03:00
0.7303,2016-09-30 02:00
0.7302,2016-09-30 01:00
0.7300,2016-09-30 00:00
0.7298,2016-09-29 23:00
0.7296,2016-09-29 22:00
0.7294,2016-09-29 21:00
0.7293,2016-09-29 20:00
0.7291,2016-09-29 19:00
0.7289,2016-09-29 18:00
0.7287,2016-09-29 17:00
0.7285,2016-09-29 16:00
0.7283,2016-09-29 15:00
0.7281,2016-09-29 14:00
0.7279,2016-09-29 13:00
0.7277,2016-09-29 12:00
0.7275,2016-09-29 11:00
0.7273,2016-09-29 10:00
0.7271,2016-09-29 09:00
0.7269,2016-09-29 08:00
0.7267,2016-09-29 07:00
0.7265,2016-09-29 06:00
0.7263,2016-09-29 05:00
0.7261,2016-09-29 04:00
0.7259,2016-09-29 03:00
0.7257,2016-09-29 02:00
0.7255,2016-09-29 01:00
0.7253,2016-09-29 00:00
0.7250,2016-09-28 23:00
0.7248,2016-09-28 22:00
0.7246,2016-09-28 21:00
0.7244,2016-09-28 20:00
0.7242,2016-09-28 19:00
0.7239,2016-09-28 18:00
0.7237,2016-09-28 17:00
0.7235,2016-09-28 16:00
0.7233,2016-09-28 15:00
0.7230,2016-09-28 14:00
0.7228,2016-09-28 13:00
0.7226,2016-09-28 12:00
0.7223,2016-09-28 11:00
0.7221,2016-09-28 10:00
0.7219,2016-09-28 09:00
0.7216,2016-09-28 08:00
0.7214,2016-09-28 07:00
0.7212,2016-09-28 06:00
0.7209,2016-09-28 05:00
0.7207,2016-09-28 04:00
0.7204,2016-09-28 03:00
0.7202,2016-09-28 02:00
0.7200,2016-09-28 01:00
0.7198,2016-09-28 00:00
0.7195,2016-09-27 23:00
0.7193,2016-09-27 22:00
0.7191,2016-09-27 21:00
0.7189,2016-09-27 20:00
0.7188,2016-09-27 19:00
0.7186,2016-09-27 18:00
0.7185,2016-09-27 17:00
0.7184,2016-09-27 16:00
0.7184,2016-09-27 15:00
0.7184,2016-09-27 14:00
0.7186,2016-09-27 13:00
0.7188,2016-09-27 12:00
0.7192,2016-09-27 11:00
0.7197,2016-09-27 10:00
0.7205,2016-09-27 09:00
0.7215,2016-09-27 08:00
0.7229,2016-09-27 07:00
0.7247,2016-09-27 06:00
0.7270,2016-09-27 05:00
0.7300,2016-09-27 04:00
0.7338,2016-09-27 03:00
0.7386,2016-09-27 02:00
0.7445,2016-09-27 01:00
0.7519,2016-09-27 00:00
0.7609,2016-09-26 23:00
0.7720,2016-09-26 22:00
0.7854,2016-09-26 21:00
0.8016,2016-09-26 20:00
0.8210,2016-09-26 19:00
0.8441,2016-09-26 18:00
0.8714,2016-09-26 17:00
0.9034,2016-09-26 16:00
0.9406,2016-09-26 15:00
0.9836,2016-09-26 14:00
1.0327,2016-09-26 13:00
1.0881,2016-09-26 12:00
1.1497,2016-09-26 11:00
1.2169,2016-09-26 10:00
1.2887,2016-09-26 09:00
1.3628,2016-09-26 08:00
1.4363,2016-09-26 07:00
1.5050,2016-09-26 06:00
1.5643,2016-09-26 05:00
1.6092,2016-09-26 04:00
1.6361,2016-09-26 03:00
1.6439,2016-09-26 02:00
1.6352,2016-09-26 01:00
1.6161,2016-09-26 00:00
1.5945,2016-09-25 23:00
1.5772,2016-09-25 22:00
1.5674,2016-09-25 21:00
1.5630,2016-09-25 20:00
1.5575,2016-09-25 19:00
1.5431,2016-09-25 18:00
1.5142,2016-09-25 17:00
1.4686,2016-09-25 16:00
1.4042,2016-09-25 15:00
1.3146,2016-09-25 14:00
1.1919,2016-09-25 13:00
1.0432,2016-09-25 12:00
0.9085,2016-09-25 11:00
0.8408,2016-09-25 10:00
0.8177,2016-09-25 09:00
0.8072,2016-09-25 08:00
0.8147,2016-09-25 07:00
0.8344,2016-09-25 06:00
0.8573,2016-09-25 05:00
0.8837,2016-09-25 04:00
0.9142,2016-09-25 03:00
0.9493,2016-09-25 02:00
0.9897,2016-09-25 01:00
1.0361,2016-09-25 00:00
1.0893,2016-09-24 23:00
1.1504,2016-09-24 22:00
1.2203,2016-09-24 21:00
1.3003,2016-09-24 20:00
1.3920,2016-09-24 19:00
1.4970,2016-09-24 18:00
1.6174,2016-09-24 17:00
1.7553,2016-09-24 16:00
1.9135,2016-09-24 15:00
2.0951,2016-09-24 14:00
2.3039,2016-09-24 13:00
2.5441,2016-09-24 12:00
2.8208,2016-09-24 11:00
3.1401,2016-09-24 10:00
3.5089,2016-09-24 09:00
3.9357,2016-09-24 08:00
4.4303,2016-09-24 07:00
5.0042,2016-09-24 06:00
5.6710,2016-09-24 05:00
6.4467,2016-09-24 04:00
7.3493,2016-09-24 03:00
8.3992,2016-09-24 02:00
9.6180,2016-09-24 01:00
11.0266,2016-09-24 00:00
12.6415,2016-09-23 23:00
14.4672,2016-09-23 22:00
16.4844,2016-09-23 21:00
18.6342,2016-09-23 20:00
20.7984,2016-09-23 19:00
22.7885,2016-09-23 18:00
24.3603,2016-09-23 17:00
25.2759,2016-09-23 16:00
25.3952,2016-09-23 15:00
24.6986,2016-09-23 14:00
23.2048,2016-09-23 13:00
21.0079,2016-09-23 12:00
18.5081,2016-09-23 11:00
16.3322,2016-09-23 10:00
14.7665,2016-09-23 09:00
13.6438,2016-09-23 08:00
13.1467,2016-09-23 07:00
13.7050,2016-09-23 06:00
14.8093,2016-09-23 05:00
16.1863,2016-09-23 04:00
17.7261,2016-09-23 03:00
19.2590,2016-09-23 02:00
20.6341,2016-09-23 01:00
21.6434,2016-09-23 00:00
22.1859,2016-09-22 23:00
21.9900,2016-09-22 22:00
21.0038,2016-09-22 21:00
19.5059,2016-09-22 20:00
17.7616,2016-09-22 19:00
15.7174,2016-09-22 18:00
13.0712,2016-09-22 17:00
9.8999,2016-09-22 16:00
7.0255,2016-09-22 15:00
4.8038,2016-09-22 14:00
3.0291,2016-09-22 13:00
1.7965,2016-09-22 12:00
1.0631,2016-09-22 11:00
0.7976,2016-09-22 10:00
0.7636,2016-09-22 09:00
0.7625,2016-09-22 08:00
0.7602,2016-09-22 07:00
0.7450,2016-09-22 06:00
0.7182,2016-09-22 05:00
0.6897,2016-09-22 04:00
0.6755,2016-09-22 03:00
0.6753,2016-09-22 02:00
0.6752,2016-09-22 01:00
0.6752,2016-09-22 00:00
0.6751,2016-09-21 23:00
0.6751,2016-09-21 22:00
0.6751,2016-09-21 21:00
0.6752,2016-09-21 20:00
0.6754,2016-09-21 19:00
0.6758,2016-09-21 18:00
0.6763,2016-09-21 17:00
0.6771,2016-09-21 16:00
0.6782,2016-09-21 15:00
0.6798,2016-09-21 14:00
0.6820,2016-09-21 13:00
0.6849,2016-09-21 12:00
0.6888,2016-09-21 11:00
0.6940,2016-09-21 10:00
0.7006,2016-09-21 09:00
0.7091,2016-09-21 08:00
0.7199,2016-09-21 07:00
0.7333,2016-09-21 06:00
0.7497,2016-09-21 05:00
0.7697,2016-09-21 04:00
0.7936,2016-09-21 03:00
0.8217,2016-09-21 02:00
0.8543,2016-09-21 01:00
0.8913,2016-09-21 00:00
0.9324,2016-09-20 23:00
0.9770,2016-09-20 22:00
1.0236,2016-09-20 21:00
1.0703,2016-09-20 20:00
1.1147,2016-09-20 19:00
1.1536,2016-09-20 18:00
1.1841,2016-09-20 17:00
1.2047,2016-09-20 16:00
1.2155,2016-09-20 15:00
1.2200,2016-09-20 14:00
1.2238,2016-09-20 13:00
1.2328,2016-09-20 12:00
1.2505,2016-09-20 11:00
1.2751,2016-09-20 10:00
1.2994,2016-09-20 09:00
1.3114,2016-09-20 08:00
1.3010,2016-09-20 07:00
1.2689,2016-09-20 06:00
1.2310,2016-09-20 05:00
1.2028,2016-09-20 04:00
1.1747,2016-09-20 03:00
1.1116,2016-09-20 02:00
0.9870,2016-09-20 01:00
0.8241,2016-09-20 00:00
0.7053,2016-09-19 23:00
0.6659,2016-09-19 22:00
0.6657,2016-09-19 21:00
0.6655,2016-09-19 20:00
0.6653,2016-09-19 19:00
0.6651,2016-09-19 18:00
0.6649,2016-09-19 17:00
0.6647,2016-09-19 16:00
0.6645,2016-09-19 15:00
0.6643,2016-09-19 14:00
0.6641,2016-09-19 13:00
0.6639,2016-09-19 12:00
0.6637,2016-09-19 11:00
0.6635,2016-09-19 10:00
0.6633,2016-09-19 09:00
0.6631,2016-09-19 08:00
0.6629,2016-09-19 07:00
0.6627,2016-09-19 06:00
0.6625,2016-09-19 05:00
0.6623,2016-09-19 04:00
0.6621,2016-09-19 03:00
0.6619,2016-09-19 02:00
0.6617,2016-09-19 01:00
0.6615,2016-09-19 00:00
0.6613,2016-09-18 23:00
0.6612,2016-09-18 22:00
0.6610,2016-09-18 21:00
0.6609,2016-09-18 20:00
0.6607,2016-09-18 19:00
0.6606,2016-09-18 18:00
0.6605,2016-09-18 17:00
0.6605,2016-09-18 16:00
0.6605,2016-09-18 15:00
0.6605,2016-09-18 14:00
0.6607,2016-09-18 13:00
0.6609,2016-09-18 12:00
0.6613,2016-09-18 11:00
0.6618,2016-09-18 10:00
0.6626,2016-09-18 09:00
0.6636,2016-09-18 08:00
0.6650,2016-09-18 07:00
0.6667,2016-09-18 06:00
0.6691,2016-09-18 05:00
0.6721,2016-09-18 04:00
0.6759,2016-09-18 03:00
0.6807,2016-09-18 02:00
0.6868,2016-09-18 01:00
0.6945,2016-09-18 00:00
0.7040,2016-09-17 23:00
0.7157,2016-09-17 22:00
0.7300,2016-09-17 21:00
0.7475,2016-09-17 20:00
0.7687,2016-09-17 19:00
0.7943,2016-09-17 18:00
0.8251,2016-09-17 17:00
0.8620,2016-09-17 16:00
0.9060,2016-09-17 15:00
0.9583,2016-09-17 14:00
1.0205,2016-09-17 13:00
1.0941,2016-09-17 12:00
1.1813,2016-09-17 11:00
1.2843,2016-09-17 10:00
1.4059,2016-09-17 09:00
1.5493,2016-09-17 08:00
1.7182,2016-09-17 07:00
1.9169,2016-09-17 06:00
2.1500,2016-09-17 05:00
2.4225,2016-09-17 04:00
2.7396,2016-09-17 03:00
3.1062,2016-09-17 02:00
3.5261,2016-09-17 01:00
4.0010,2016-09-17 00:00
4.5291,2016-09-16 23:00
5.1019,2016-09-16 22:00
5.7017,2016-09-16 21:00
6.2969,2016-09-16 20:00
6.8377,2016-09-16 19:00
7.2561,2016-09-16 18:00
7.4732,2016-09-16 17:00
7.4193,2016-09-16 16:00
7.0600,2016-09-16 15:00
6.4205,2016-09-16 14:00
5.5985,2016-09-16 13:00
4.7368,2016-09-16 12:00
3.9122,2016-09-16 11:00
3.1251,2016-09-16 10:00
2.4409,2016-09-16 09:00
1.9793,2016-09-16 08:00
1.6559,2016-09-16 07:00
1.3271,2016-09-16 06:00
0.9992,2016-09-16 05:00
0.7561,2016-09-16 04:00
0.6521,2016-09-16 03:00
0.6464,2016-09-16 02:00
0.6463,2016-09-16 01:00
0.6462,2016-09-16 00:00
0.6462,2016-09-15 23:00
0.6461,2016-09-15 22:00
0.6460,2016-09-15 21:00
0.6459,2016-09-15 20:00
0.6459,2016-09-15 19:00
0.6458,2016-09-15 18:00
0.6457,2016-09-15 17:00
0.6456,2016-09-15 16:00
0.6455,2016-09-15 15:00
0.6455,2016-09-15 14:00
0.6454,2016-09-15 13:00
0.6453,2016-09-15 12:00
0.6452,2016-09-15 11:00
0.6451,2016-09-15 10:00
0.6451,2016-09-15 09:00
0.6450,2016-09-15 08:00
0.6449,2016-09-15 07:00
0.6449,2016-09-15 06:00
0.6449,2016-09-15 05:00
0.6449,2016-09-15 04:00
0.6449,2016-09-15 03:00
0.6450,2016-09-15 02:00
0.6452,2016-09-15 01:00
0.6454,2016-09-15 00:00
0.6459,2016-09-14 23:00
0.6465,2016-09-14 22:00
0.6475,2016-09-14 21:00
0.6488,2016-09-14 20:00
0.6507,2016-09-14 19:00
0.6532,2016-09-14 18:00
0.6567,2016-09-14 17:00
0.6613,2016-09-14 16:00
0.6674,2016-09-14 15:00
0.6753,2016-09-14 14:00
0.6853,2016-09-14 13:00
0.6978,2016-09-14 12:00
0.7132,2016-09-14 11:00
0.7319,2016-09-14 10:00
0.7539,2016-09-14 09:00
0.7795,2016-09-14 08:00
0.8086,2016-09-14 07:00
0.8407,2016-09-14 06:00
0.8753,2016-09-14 05:00
0.9112,2016-09-14 04:00
0.9468,2016-09-14 03:00
0.9803,2016-09-14 02:00
1.0092,2016-09-14 01:00
1.0311,2016-09-14 00:00
1.0438,2016-09-13 23:00
1.0456,2016-09-13 22:00
1.0353,2016-09-13 21:00
1.0130,2016-09-13 20:00
0.9801,2016-09-13 19:00
0.9393,2016-09-13 18:00
0.8944,2016-09-13 17:00
0.8492,2016-09-13 16:00
0.8068,2016-09-13 15:00
0.7702,2016-09-13 14:00
0.7424,2016-09-13 13:00
0.7247,2016-09-13 12:00
0.7138,2016-09-13 11:00
0.7023,2016-09-13 10:00
0.6843,2016-09-13 09:00
0.6604,2016-09-13 08:00
0.6428,2016-09-13 07:00
0.6394,2016-09-13 06:00
0.6393,2016-09-13 05:00
0.6392,2016-09-13 04:00
0.6391,2016-09-13 03:00
0.6389,2016-09-13 02:00
0.6388,2016-09-13 01:00
0.6387,2016-09-13 00:00
0.6386,2016-09-12 23:00
0.6384,2016-09-12 22:00
0.6383,2016-09-12 21:00
0.6382,2016-09-12 20:00
0.6381,2016-09-12 19:00
0.6379,2016-09-12 18:00
0.6378,2016-09-12 17:00
0.6377,2016-09-12 16:00
0.6375,2016-09-12 15:00
0.6374,2016-09-12 14:00
0.6372,2016-09-12 13:00
0.6371,2016-09-12 12:00
0.6370,2016-09-12 11:00
0.6368,2016-09-12 10:00
0.6367,2016-09-12 09:00
0.6365,2016-09-12 08:00
0.6364,2016-09-12 07:00
0.6363,2016-09-12 06:00
0.6361,2016-09-12 05:00
0.6360,2016-09-12 04:00
0.6359,2016-09-12 03:00
0.6358,2016-09-12 02:00
0.6357,2016-09-12 01:00
0.6356,2016-09-12 00:00
0.6356,2016-09-11 23:00
0.6356,2016-09-11 22:00
0.6357,2016-09-11 21:00
0.6359,2016-09-11 20:00
0.6362,2016-09-11 19:00
0.6367,2016-09-11 18:00
0.6375,2016-09-11 17:00
0.6386,2016-09-11 16:00
0.6401,2016-09-11 15:00
0.6423,2016-09-11 14:00
0.6453,2016-09-11 13:00
0.6493,2016-09-11 12:00
0.6547,2016-09-11 11:00
0.6618,2016-09-11 10:00
0.6711,2016-09-11 09:00
0.6831,2016-09-11 08:00
0.6983,2016-09-11 07:00
0.7175,2016-09-11 06:00
0.7413,2016-09-11 05:00
0.7708,2016-09-11 04:00
0.8066,2016-09-11 03:00
0.8500,2016-09-11 02:00
0.9019,2016-09-11 01:00
0.9636,2016-09-11 00:00
1.0362,2016-09-10 23:00
1.1209,2016-09-10 22:00
1.2189,2016-09-10 21:00
1.3311,2016-09-10 20:00
1.4582,2016-09-10 19:00
1.6003,2016-09-10 18:00
1.7567,2016-09-10 17:00
1.9253,2016-09-10 16:00
2.1017,2016-09-10 15:00
2.2787,2016-09-10 14:00
2.4453,2016-09-10 13:00
2.5879,2016-09-10 12:00
2.6922,2016-09-10 11:00
2.7469,2016-09-10 10:00
2.7420,2016-09-10 09:00
2.6747,2016-09-10 08:00
2.5592,2016-09-10 07:00
2.4176,2016-09-10 06:00
2.2708,2016-09-10 05:00
2.1252,2016-09-10 04:00
1.9605,2016-09-10 03:00
1.7473,2016-09-10 02:00
1.5054,2016-09-10 01:00
1.3118,2016-09-10 00:00
1.2022,2016-09-09 23:00
1.1200,2016-09-09 22:00
0.9862,2016-09-09 21:00
0.7992,2016-09-09 20:00
0.6662,2016-09-09 19:00
0.6284,2016-09-09 18:00
0.6284,2016-09-09 17:00
0.6285,2016-09-09 16:00
0.6286,2016-09-09 15:00
0.6287,2016-09-09 14:00
0.6289,2016-09-09 13:00
0.6291,2016-09-09 12:00
0.6295,2016-09-09 11:00
0.6300,2016-09-09 10:00
0.6307,2016-09-09 09:00
0.6317,2016-09-09 08:00
0.6331,2016-09-09 07:00
0.6349,2016-09-09 06:00
0.6373,2016-09-09 05:00
0.6405,2016-09-09 04:00
0.6446,2016-09-09 03:00
0.6498,2016-09-09 02:00
0.6563,2016-09-09 01:00
0.6644,2016-09-09 00:00
0.6743,2016-09-08 23:00
0.6862,2016-09-08 22:00
0.7003,2016-09-08 21:00
0.7168,2016-09-08 20:00
0.7358,2016-09-08 19:00
0.7575,2016-09-08 18:00
0.7819,2016-09-08 17:00
0.8090,2016-09-08 16:00
0.8390,2016-09-08 15:00
0.8716,2016-09-08 14:00
0.9067,2016-09-08 13:00
0.9441,2016-09-08 12:00
0.9831,2016-09-08 11:00
1.0230,2016-09-08 10:00
1.0625,2016-09-08 09:00
1.1001,2016-09-08 08:00
1.1336,2016-09-08 07:00
1.1606,2016-09-08 06:00
1.1787,2016-09-08 05:00
1.1859,2016-09-08 04:00
1.1814,2016-09-08 03:00
1.1657,2016-09-08 02:00
1.1410,2016-09-08 01:00
1.1103,2016-09-08 00:00
1.0761,2016-09-07 23:00
1.0394,2016-09-07 22:00
1.0022,2016-09-07 21:00
0.9669,2016-09-07 20:00
0.9296,2016-09-07 19:00
0.8918,2016-09-07 18:00
0.8653,2016-09-07 17:00
0.8456,2016-09-07 16:00
0.8321,2016-09-07 15:00
0.8121,2016-09-07 14:00
0.7766,2016-09-07 13:00
0.7276,2016-09-07 12:00
0.6820,2016-09-07 11:00
0.6464,2016-09-07 10:00
0.6424,2016-09-07 09:00
0.6427,2016-09-07 08:00
0.6428,2016-09-07 07:00
0.6426,2016-09-07 06:00
0.6422,2016-09-07 05:00
0.6414,2016-09-07 04:00
0.6404,2016-09-07 03:00
0.6392,2016-09-07 02:00
0.6377,2016-09-07 01:00
0.6359,2016-09-07 00:00
0.6341,2016-09-06 23:00
0.6323,2016-09-06 22:00
0.6309,2016-09-06 21:00
0.6299,2016-09-06 20:00
0.6295,2016-09-06 19:00
0.6294,2016-09-06 18:00
0.6294,2016-09-06 17:00
0.6295,2016-09-06 16:00
0.6295,2016-09-06 15:00
0.6296,2016-09-06 14:00
0.6297,2016-09-06 13:00
0.6297,2016-09-06 12:00
0.6298,2016-09-06 11:00
0.6299,2016-09-06 10:00
0.6299,2016-09-06 09:00
0.6300,2016-09-06 08:00
0.6300,2016-09-06 07:00
0.6301,2016-09-06 06:00
0.6302,2016-09-06 05:00
0.6302,2016-09-06 04:00
0.6303,2016-09-06 03:00
0.6303,2016-09-06 02:00
0.6304,2016-09-06 01:00
0.6305,2016-09-06 00:00
0.6305,2016-09-05 23:00
0.6306,2016-09-05 22:00
0.6306,2016-09-05 21:00
0.6307,2016-09-05 20:00
0.6307,2016-09-05 19:00
0.6308,2016-09-05 18:00
0.6308,2016-09-05 17:00
0.6309,2016-09-05 16:00
0.6309,2016-09-05 15:00
0.6310,2016-09-05 14:00
0.6310,2016-09-05 13:00
0.6311,2016-09-05 12:00
0.6311,2016-09-05 11:00
0.6312,2016-09-05 10:00
0.6312,2016-09-05 09:00
0.6313,2016-09-05 08:00
0.6313,2016-09-05 07:00
0.6314,2016-09-05 06:00
0.6314,2016-09-05 05:00
0.6315,2016-09-05 04:00
0.6315,2016-09-05 03:00
0.6315,2016-09-05 02:00
0.6316,2016-09-05 01:00
0.6316,2016-09-05 00:00
0.6317,2016-09-04 23:00
0.6317,2016-09-04 22:00
0.6317,2016-09-04 21:00
0.6318,2016-09-04 20:00
0.6318,2016-09-04 19:00
0.6319,2016-09-04 18:00
0.6319,2016-09-04 17:00
0.6319,2016-09-04 16:00
0.6320,2016-09-04 15:00
0.6320,2016-09-04 14:00
0.6320,2016-09-04 13:00
0.6321,2016-09-04 12:00
0.6321,2016-09-04 11:00
0.6321,2016-09-04 10:00
0.6322,2016-09-04 09:00
0.6322,2016-09-04 08:00
0.6322,2016-09-04 07:00
0.6322,2016-09-04 06:00
0.6323,2016-09-04 05:00
0.6323,2016-09-04 04:00
0.6323,2016-09-04 03:00
0.6323,2016-09-04 02:00
0.6324,2016-09-04 01:00
0.6324,2016-09-04 00:00
0.6324,2016-09-03 23:00
0.6324,2016-09-03 22:00
0.6325,2016-09-03 21:00
0.6325,2016-09-03 20:00
0.6325,2016-09-03 19:00
0.6325,2016-09-03 18:00
0.6325,2016-09-03 17:00
0.6325,2016-09-03 16:00
0.6326,2016-09-03 15:00
0.6326,2016-09-03 14:00
0.6326,2016-09-03 13:00
0.6326,2016-09-03 12:00
0.6326,2016-09-03 11:00
0.6326,2016-09-03 10:00
0.6326,2016-09-03 09:00
0.6326,2016-09-03 08:00
0.6327,2016-09-03 07:00
0.6327,2016-09-03 06:00
0.6327,2016-09-03 05:00
0.6327,2016-09-03 04:00
0.6327,2016-09-03 03:00
0.6327,2016-09-03 02:00
0.6327,2016-09-03 01:00
0.6327,2016-09-03 00:00
0.6327,2016-09-02 23:00
0.6327,2016-09-02 22:00
0.6327,2016-09-02 21:00
0.6327,2016-09-02 20:00
0.6327,2016-09-02 19:00
0.6327,2016-09-02 18:00
0.6327,2016-09-02 17:00
0.6327,2016-09-02 16:00
0.6327,2016-09-02 15:00
0.6327,2016-09-02 14:00
0.6327,2016-09-02 13:00
0.6327,2016-09-02 12:00
0.6327,2016-09-02 11:00
0.6327,2016-09-02 10:00
0.6326,2016-09-02 09:00
0.6326,2016-09-02 08:00
0.6326,2016-09-02 07:00
0.6326,2016-09-02 06:00
0.6326,2016-09-02 05:00
0.6326,2016-09-02 04:00
0.6326,2016-09-02 03:00
0.6326,2016-09-02 02:00
0.6326,2016-09-02 01:00
0.6326,2016-09-02 00:00
0.6326,2016-09-01 23:00
0.6326,2016-09-01 22:00
0.6326,2016-09-01 21:00
0.6326,2016-09-01 20:00
0.6326,2016-09-01 19:00
0.6326,2016-09-01 18:00
0.6326,2016-09-01 17:00
0.6327,2016-09-01 16:00
0.6327,2016-09-01 15:00
0.6327,2016-09-01 14:00
0.6328,2016-09-01 13:00
0.6328,2016-09-01 12:00
0.6329,2016-09-01 11:00
0.6330,2016-09-01 10:00
0.6330,2016-09-01 09:00
0.6331,2016-09-01 08:00
0.6332,2016-09-01 07:00
0.6332,2016-09-01 06:00
0.6333,2016-09-01 05:00
0.6334,2016-09-01 04:00
0.6335,2016-09-01 03:00
0.6336,2016-09-01 02:00
0.6337,2016-09-01 01:00
0.6338,2016-09-01 00:00
0.6339,2016-08-31 23:00
0.6340,2016-08-31 22:00
0.6340,2016-08-31 21:00
0.6341,2016-08-31 20:00
0.6342,2016-08-31 19:00
0.6343,2016-08-31 18:00
0.6344,2016-08-31 17:00
0.6345,2016-08-31 16:00
0.6346,2016-08-31 15:00
0.6347,2016-08-31 14:00
0.6348,2016-08-31 13:00
0.6350,2016-08-31 12:00
0.6351,2016-08-31 11:00
0.6353,2016-08-31 10:00
0.6355,2016-08-31 09:00
0.6358,2016-08-31 08:00
0.6361,2016-08-31 07:00
0.6365,2016-08-31 06:00
0.6370,2016-08-31 05:00
0.6376,2016-08-31 04:00
0.6383,2016-08-31 03:00
0.6392,2016-08-31 02:00
0.6401,2016-08-31 01:00
0.6411,2016-08-31 00:00
0.6422,2016-08-30 23:00
0.6433,2016-08-30 22:00
0.6444,2016-08-30 21:00
0.6454,2016-08-30 20:00
0.6463,2016-08-30 19:00
0.6471,2016-08-30 18:00
0.6478,2016-08-30 17:00
0.6485,2016-08-30 16:00
0.6492,2016-08-30 15:00
0.6501,2016-08-30 14:00
0.6516,2016-08-30 13:00
0.6539,2016-08-30 12:00
0.6572,2016-08-30 11:00
0.6616,2016-08-30 10:00
0.6669,2016-08-30 09:00
0.6727,2016-08-30 08:00
0.6783,2016-08-30 07:00
0.6831,2016-08-30 06:00
0.6863,2016-08-30 05:00
0.6874,2016-08-30 04:00
0.6856,2016-08-30 03:00
0.6792,2016-08-30 02:00
0.6673,2016-08-30 01:00
0.6528,2016-08-30 00:00
0.6422,2016-08-29 23:00
0.6370,2016-08-29 22:00
0.6369,2016-08-29 21:00
0.6367,2016-08-29 20:00
0.6367,2016-08-29 19:00
0.6366,2016-08-29 18:00
0.6366,2016-08-29 17:00
0.6366,2016-08-29 16:00
0.6366,2016-08-29 15:00
0.6366,2016-08-29 14:00
0.6367,2016-08-29 13:00
0.6367,2016-08-29 12:00
0.6368,2016-08-29 11:00
0.6369,2016-08-29 10:00
0.6371,2016-08-29 09:00
0.6373,2016-08-29 08:00
0.6376,2016-08-29 07:00
0.6380,2016-08-29 06:00
0.6386,2016-08-29 05:00
0.6394,2016-08-29 04:00
0.6405,2016-08-29 03:00
0.6420,2016-08-29 02:00
0.6440,2016-08-29 01:00
0.6467,2016-08-29 00:00
0.6503,2016-08-28 23:00
0.6549,2016-08-28 22:00
0.6609,2016-08-28 21:00
0.6686,2016-08-28 20:00
0.6782,2016-08-28 19:00
0.6900,2016-08-28 18:00
0.7045,2016-08-28 17:00
0.7219,2016-08-28 16:00
0.7426,2016-08-28 15:00
0.7667,2016-08-28 14:00
0.7947,2016-08-28 13:00
0.8267,2016-08-28 12:00
0.8630,2016-08-28 11:00
0.9036,2016-08-28 10:00
0.9488,2016-08-28 09:00
0.9987,2016-08-28 08:00
1.0534,2016-08-28 07:00
1.1131,2016-08-28 06:00
1.1777,2016-08-28 05:00
1.2468,2016-08-28 04:00
1.3193,2016-08-28 03:00
1.3933,2016-08-28 02:00
1.4657,2016-08-28 01:00
1.5324,2016-08-28 00:00
1.5888,2016-08-27 23:00
1.6308,2016-08-27 22:00
1.6568,2016-08-27 21:00
1.6678,2016-08-27 20:00
1.6673,2016-08-27 19:00
1.6567,2016-08-27 18:00
1.6328,2016-08-27 17:00
1.5890,2016-08-27 16:00
1.5238,2016-08-27 15:00
1.4507,2016-08-27 14:00
1.3852,2016-08-27 13:00
1.3270,2016-08-27 12:00
1.2704,2016-08-27 11:00
1.2151,2016-08-27 10:00
1.1595,2016-08-27 09:00
1.0942,2016-08-27 08:00
1.0099,2016-08-27 07:00
0.9144,2016-08-27 06:00
0.8344,2016-08-27 05:00
0.7836,2016-08-27 04:00
0.7520,2016-08-27 03:00
0.7248,2016-08-27 02:00
0.6978,2016-08-27 01:00
0.6785,2016-08-27 00:00
0.6630,2016-08-26 23:00
0.6470,2016-08-26 22:00
0.6384,2016-08-26 21:00
0.6362,2016-08-26 20:00
0.6362,2016-08-26 19:00
0.6363,2016-08-26 18:00
0.6363,2016-08-26 17:00
0.6363,2016-08-26 16:00
0.6364,2016-08-26 15:00
0.6364,2016-08-26 14:00
0.6364,2016-08-26 13:00
0.6365,2016-08-26 12:00
0.6366,2016-08-26 11:00
0.6367,2016-08-26 10:00
0.6368,2016-08-26 09:00
0.6370,2016-08-26 08:00
0.6372,2016-08-26 07:00
0.6376,2016-08-26 06:00
0.6380,2016-08-26 05:00
0.6387,2016-08-26 04:00
0.6396,2016-08-26 03:00
0.6408,2016-08-26 02:00
0.6425,2016-08-26 01:00
0.6448,2016-08-26 00:00
0.6479,2016-08-25 23:00
0.6520,2016-08-25 22:00
0.6574,2016-08-25 21:00
0.6644,2016-08-25 20:00
0.6735,2016-08-25 19:00
0.6851,2016-08-25 18:00
0.6996,2016-08-25 17:00
0.7177,2016-08-25 16:00
0.7398,2016-08-25 15:00
0.7665,2016-08-25 14:00
0.7983,2016-08-25 13:00
0.8355,2016-08-25 12:00
0.8782,2016-08-25 11:00
0.9262,2016-08-25 10:00
0.9787,2016-08-25 09:00
1.0343,2016-08-25 08:00
1.0906,2016-08-25 07:00
1.1439,2016-08-25 06:00
1.1895,2016-08-25 05:00
1.2216,2016-08-25 04:00
1.2343,2016-08-25 03:00
1.2226,2016-08-25 02:00
1.1848,2016-08-25 01:00
1.1241,2016-08-25 00:00
1.0500,2016-08-24 23:00
0.9755,2016-08-24 22:00
0.9106,2016-08-24 21:00
0.8582,2016-08-24 20:00
0.8143,2016-08-24 19:00
0.7740,2016-08-24 18:00
0.7367,2016-08-24 17:00
0.7066,2016-08-24 16:00
0.6865,2016-08-24 15:00
0.6748,2016-08-24 14:00
0.6658,2016-08-24 13:00
0.6549,2016-08-24 12:00
0.6427,2016-08-24 11:00
0.6355,2016-08-24 10:00
0.6355,2016-08-24 09:00
0.6354,2016-08-24 08:00
0.6354,2016-08-24 07:00
0.6354,2016-08-24 06:00
0.6353,2016-08-24 05:00
0.6353,2016-08-24 04:00
0.6352,2016-08-24 03:00
0.6352,2016-08-24 02:00
0.6351,2016-08-24 01:00
0.6351,2016-08-24 00:00
0.6350,2016-08-23 23:00
0.6350,2016-08-23 22:00
0.6349,2016-08-23 21:00
0.6348,2016-08-23 20:00
0.6348,2016-08-23 19:00
0.6347,2016-08-23 18:00
0.6346,2016-08-23 17:00
0.6346,2016-08-23 16:00
0.6345,2016-08-23 15:00
0.6344,2016-08-23 14:00
0.6344,2016-08-23 13:00
0.6343,2016-08-23 12:00
0.6342,2016-08-23 11:00
0.6341,2016-08-23 10:00
0.6340,2016-08-23 09:00
0.6340,2016-08-23 08:00
0.6339,2016-08-23 07:00
0.6338,2016-08-23 06:00
0.6337,2016-08-23 05:00
0.6336,2016-08-23 04:00
0.6335,2016-08-23 03:00
0.6334,2016-08-23 02:00
0.6333,2016-08-23 01:00
0.6332,2016-08-23 00:00
0.6331,2016-08-22 23:00
0.6330,2016-08-22 22:00
0.6329,2016-08-22 21:00
0.6328,2016-08-22 20:00
0.6327,2016-08-22 19:00
0.6326,2016-08-22 18:00
0.6325,2016-08-22 17:00
0.6324,2016-08-22 16:00
0.6323,2016-08-22 15:00
0.6323,2016-08-22 14:00
0.6322,2016-08-22 13:00
0.6322,2016-08-22 12:00
0.6322,2016-08-22 11:00
0.6322,2016-08-22 10:00
0.6323,2016-08-22 09:00
0.6325,2016-08-22 08:00
0.6328,2016-08-22 07:00
0.6332,2016-08-22 06:00
0.6338,2016-08-22 05:00
0.6347,2016-08-22 04:00
0.6359,2016-08-22 03:00
0.6375,2016-08-22 02:00
0.6396,2016-08-22 01:00
0.6424,2016-08-22 00:00
0.6461,2016-08-21 23:00
0.6507,2016-08-21 22:00
0.6566,2016-08-21 21:00
0.6639,2016-08-21 20:00
0.6731,2016-08-21 19:00
0.6843,2016-08-21 18:00
0.6980,2016-08-21 17:00
0.7147,2016-08-21 16:00
0.7348,2016-08-21 15:00
0.7588,2016-08-21 14:00
0.7874,2016-08-21 13:00
0.8213,2016-08-21 12:00
0.8612,2016-08-21 11:00
0.9081,2016-08-21 10:00
0.9629,2016-08-21 09:00
1.0266,2016-08-21 08:00
1.1001,2016-08-21 07:00
1.1847,2016-08-21 06:00
1.2810,2016-08-21 05:00
1.3899,2016-08-21 04:00
1.5118,2016-08-21 03:00
1.6466,2016-08-21 02:00
1.7940,2016-08-21 01:00
1.9533,2016-08-21 00:00
2.1235,2016-08-20 23:00
2.3039,2016-08-20 22:00
2.4939,2016-08-20 21:00
2.6934,2016-08-20 20:00
2.9021,2016-08-20 19:00
3.1201,2016-08-20 18:00
3.3480,2016-08-20 17:00
3.5896,2016-08-20 16:00
3.8513,2016-08-20 15:00
4.1266,2016-08-20 14:00
4.3990,2016-08-20 13:00
4.6482,2016-08-20 12:00
4.8480,2016-08-20 11:00
4.9800,2016-08-20 10:00
5.0513,2016-08-20 09:00
5.0760,2016-08-20 08:00
5.0418,2016-08-20 07:00
4.9073,2016-08-20 06:00
4.6609,2016-08-20 05:00
4.4287,2016-08-20 04:00
4.3178,2016-08-20 03:00
4.1837,2016-08-20 02:00
3.9444,2016-08-20 01:00
3.6567,2016-08-20 00:00
3.3438,2016-08-19 23:00
3.0152,2016-08-19 22:00
2.7635,2016-08-19 21:00
2.7126,2016-08-19 20:00
2.7330,2016-08-19 19:00
2.6866,2016-08-19 18:00
2.6057,2016-08-19 17:00
2.5339,2016-08-19 16:00
2.4417,2016-08-19 15:00
2.2428,2016-08-19 14:00
1.9244,2016-08-19 13:00
1.6529,2016-08-19 12:00
1.5651,2016-08-19 11:00
1.5641,2016-08-19 10:00
1.5266,2016-08-19 09:00
1.4670,2016-08-19 08:00
1.4159,2016-08-19 07:00
1.3729,2016-08-19 06:00
1.2812,2016-08-19 05:00
1.0760,2016-08-19 04:00
0.8016,2016-08-19 03:00
0.6461,2016-08-19 02:00
0.6260,2016-08-19 01:00
0.6271,2016-08-19 00:00
0.6286,2016-08-18 23:00
0.6306,2016-08-18 22:00
0.6332,2016-08-18 21:00
0.6367,2016-08-18 20:00
0.6412,2016-08-18 19:00
0.6471,2016-08-18 18:00
0.6547,2016-08-18 17:00
0.6642,2016-08-18 16:00
0.6761,2016-08-18 15:00
0.6907,2016-08-18 14:00
0.7083,2016-08-18 13:00
0.7292,2016-08-18 12:00
0.7537,2016-08-18 11:00
0.7816,2016-08-18 10:00
0.8129,2016-08-18 09:00
0.8471,2016-08-18 08:00
0.8832,2016-08-18 07:00
0.9203,2016-08-18 06:00
0.9566,2016-08-18 05:00
0.9906,2016-08-18 04:00
1.0205,2016-08-18 03:00
1.0448,2016-08-18 02:00
1.0629,2016-08-18 01:00
1.0745,2016-08-18 00:00
1.0803,2016-08-17 23:00
1.0810,2016-08-17 22:00
1.0771,2016-08-17 21:00
1.0682,2016-08-17 20:00
1.0523,2016-08-17 19:00
1.0263,2016-08-17 18:00
0.9878,2016-08-17 17:00
0.9396,2016-08-17 16:00
0.8916,2016-08-17 15:00
0.8547,2016-08-17 14:00
0.8287,2016-08-17 13:00
0.7992,2016-08-17 12:00
0.7479,2016-08-17 11:00
0.6772,2016-08-17 10:00
0.6262,2016-08-17 09:00
0.6263,2016-08-17 08:00
0.6264,2016-08-17 07:00
0.6265,2016-08-17 06:00
0.6266,2016-08-17 05:00
0.6266,2016-08-17 04:00
0.6267,2016-08-17 03:00
0.6268,2016-08-17 02:00
0.6269,2016-08-17 01:00
0.6270,2016-08-17 00:00
0.6271,2016-08-16 23:00
0.6272,2016-08-16 22:00
0.6272,2016-08-16 21:00
0.6273,2016-08-16 20:00
0.6274,2016-08-16 19:00
0.6275,2016-08-16 18:00
0.6275,2016-08-16 17:00
0.6276,2016-08-16 16:00
0.6277,2016-08-16 15:00
0.6277,2016-08-16 14:00
0.6278,2016-08-16 13:00
0.6279,2016-08-16 12:00
0.6279,2016-08-16 11:00
0.6280,2016-08-16 10:00
0.6281,2016-08-16 09:00
0.6281,2016-08-16 08:00
0.6282,2016-08-16 07:00
0.6282,2016-08-16 06:00
0.6283,2016-08-16 05:00
0.6284,2016-08-16 04:00
0.6284,2016-08-16 03:00
0.6285,2016-08-16 02:00
0.6285,2016-08-16 01:00
0.6286,2016-08-16 00:00
0.6286,2016-08-15 23:00
0.6286,2016-08-15 22:00
0.6287,2016-08-15 21:00
0.6287,2016-08-15 20:00
0.6288,2016-08-15 19:00
0.6288,2016-08-15 18:00
0.6288,2016-08-15 17:00
0.6289,2016-08-15 16:00
0.6289,2016-08-15 15:00
0.6289,2016-08-15 14:00
0.6290,2016-08-15 13:00
0.6290,2016-08-15 12:00
0.6290,2016-08-15 11:00
0.6291,2016-08-15 10:00
0.6291,2016-08-15 09:00
0.6291,2016-08-15 08:00
0.6291,2016-08-15 07:00
0.6292,2016-08-15 06:00
0.6292,2016-08-15 05:00
0.6293,2016-08-15 04:00
0.6293,2016-08-15 03:00
0.6294,2016-08-15 02:00
0.6295,2016-08-15 01:00
0.6296,2016-08-15 00:00
0.6297,2016-08-14 23:00
0.6300,2016-08-14 22:00
0.6303,2016-08-14 21:00
0.6307,2016-08-14 20:00
0.6313,2016-08-14 19:00
0.6321,2016-08-14 18:00
0.6332,2016-08-14 17:00
0.6347,2016-08-14 16:00
0.6368,2016-08-14 15:00
0.6395,2016-08-14 14:00
0.6432,2016-08-14 13:00
0.6481,2016-08-14 12:00
0.6544,2016-08-14 11:00
0.6624,2016-08-14 10:00
0.6727,2016-08-14 09:00
0.6855,2016-08-14 08:00
0.7012,2016-08-14 07:00
0.7202,2016-08-14 06:00
0.7429,2016-08-14 05:00
0.7694,2016-08-14 04:00
0.7998,2016-08-14 03:00
0.8341,2016-08-14 02:00
0.8718,2016-08-14 01:00
0.9123,2016-08-14 00:00
0.9545,2016-08-13 23:00
0.9971,2016-08-13 22:00
1.0382,2016-08-13 21:00
1.0762,2016-08-13 20:00
1.1092,2016-08-13 19:00
1.1354,2016-08-13 18:00
1.1536,2016-08-13 17:00
1.1632,2016-08-13 16:00
1.1647,2016-08-13 15:00
1.1591,2016-08-13 14:00
1.1479,2016-08-13 13:00
1.1317,2016-08-13 12:00
1.1102,2016-08-13 11:00
1.0837,2016-08-13 10:00
1.0568,2016-08-13 09:00
1.0401,2016-08-13 08:00
1.0466,2016-08-13 07:00
1.0807,2016-08-13 06:00
1.1338,2016-08-13 05:00
1.1895,2016-08-13 04:00
1.2383,2016-08-13 03:00
1.2932,2016-08-13 02:00
1.3734,2016-08-13 01:00
1.4754,2016-08-13 00:00
1.5846,2016-08-12 23:00
1.6908,2016-08-12 22:00
1.7882,2016-08-12 21:00
1.8701,2016-08-12 20:00
1.9291,2016-08-12 19:00
1.9584,2016-08-12 18:00
1.9530,2016-08-12 17:00
1.9134,2016-08-12 16:00
1.8468,2016-08-12 15:00
1.7649,2016-08-12 14:00
1.6787,2016-08-12 13:00
1.5957,2016-08-12 12:00
1.5230,2016-08-12 11:00
1.4661,2016-08-12 10:00
1.4185,2016-08-12 09:00
1.3577,2016-08-12 08:00
1.2615,2016-08-12 07:00
1.1460,2016-08-12 06:00
1.0479,2016-08-12 05:00
0.9834,2016-08-12 04:00
0.9538,2016-08-12 03:00
0.9374,2016-08-12 02:00
0.9147,2016-08-12 01:00
0.8865,2016-08-12 00:00
0.8571,2016-08-11 23:00
0.8299,2016-08-11 22:00
0.8069,2016-08-11 21:00
0.7889,2016-08-11 20:00
0.7753,2016-08-11 19:00
0.7637,2016-08-11 18:00
0.7492,2016-08-11 17:00
0.7256,2016-08-11 16:00
0.6910,2016-08-11 15:00
0.6553,2016-08-11 14:00
0.6364,2016-08-11 13:00
0.6347,2016-08-11 12:00
0.6349,2016-08-11 11:00
0.6351,2016-08-11 10:00
0.6354,2016-08-11 09:00
0.6356,2016-08-11 08:00
0.6359,2016-08-11 07:00
0.6361,2016-08-11 06:00
0.6363,2016-08-11 05:00
0.6366,2016-08-11 04:00
0.6368,2016-08-11 03:00
0.6370,2016-08-11 02:00
0.6372,2016-08-11 01:00
0.6375,2016-08-11 00:00
0.6377,2016-08-10 23:00
0.6379,2016-08-10 22:00
0.6382,2016-08-10 21:00
0.6384,2016-08-10 20:00
0.6386,2016-08-10 19:00
0.6388,2016-08-10 18:00
0.6390,2016-08-10 17:00
0.6393,2016-08-10 16:00
0.6395,2016-08-10 15:00
0.6397,2016-08-10 14:00
0.6399,2016-08-10 13:00
0.6401,2016-08-10 12:00
0.6404,2016-08-10 11:00
0.6406,2016-08-10 10:00
0.6408,2016-08-10 09:00
0.6410,2016-08-10 08:00
0.6412,2016-08-10 07:00
0.6414,2016-08-10 06:00
0.6416,2016-08-10 05:00
0.6418,2016-08-10 04:00
0.6420,2016-08-10 03:00
0.6422,2016-08-10 02:00
0.6424,2016-08-10 01:00
0.6427,2016-08-10 00:00
0.6429,2016-08-09 23:00
0.6431,2016-08-09 22:00
0.6433,2016-08-09 21:00
0.6435,2016-08-09 20:00
0.6437,2016-08-09 19:00
0.6439,2016-08-09 18:00
0.6441,2016-08-09 17:00
0.6443,2016-08-09 16:00
0.6444,2016-08-09 15:00
0.6446,2016-08-09 14:00
0.6448,2016-08-09 13:00
0.6450,2016-08-09 12:00
0.6452,2016-08-09 11:00
0.6454,2016-08-09 10:00
0.6456,2016-08-09 09:00
0.6458,2016-08-09 08:00
0.6460,2016-08-09 07:00
0.6461,2016-08-09 06:00
0.6463,2016-08-09 05:00
0.6465,2016-08-09 04:00
0.6467,2016-08-09 03:00
0.6469,2016-08-09 02:00
0.6471,2016-08-09 01:00
0.6472,2016-08-09 00:00
0.6474,2016-08-08 23:00
0.6476,2016-08-08 22:00
0.6478,2016-08-08 21:00
0.6479,2016-08-08 20:00
0.6481,2016-08-08 19:00
0.6483,2016-08-08 18:00
0.6484,2016-08-08 17:00
0.6486,2016-08-08 16:00
0.6488,2016-08-08 15:00
0.6490,2016-08-08 14:00
0.6491,2016-08-08 13:00
0.6493,2016-08-08 12:00
0.6494,2016-08-08 11:00
0.6496,2016-08-08 10:00
0.6498,2016-08-08 09:00
0.6499,2016-08-08 08:00
0.6501,2016-08-08 07:00
0.6502,2016-08-08 06:00
0.6504,2016-08-08 05:00
0.6506,2016-08-08 04:00
0.6507,2016-08-08 03:00
0.6509,2016-08-08 02:00
0.6510,2016-08-08 01:00
0.6512,2016-08-08 00:00
0.6513,2016-08-07 23:00
0.6515,2016-08-07 22:00
0.6516,2016-08-07 21:00
0.6517,2016-08-07 20:00
0.6519,2016-08-07 19:00
0.6520,2016-08-07 18:00
0.6522,2016-08-07 17:00
0.6523,2016-08-07 16:00
0.6524,2016-08-07 15:00
0.6526,2016-08-07 14:00
0.6527,2016-08-07 13:00
0.6529,2016-08-07 12:00
0.6530,2016-08-07 11:00
0.6531,2016-08-07 10:00
0.6533,2016-08-07 09:00
0.6534,2016-08-07 08:00
0.6535,2016-08-07 07:00
0.6537,2016-08-07 06:00
0.6538,2016-08-07 05:00
0.6539,2016-08-07 04:00
0.6541,2016-08-07 03:00
0.6543,2016-08-07 02:00
0.6544,2016-08-07 01:00
0.6546,2016-08-07 00:00
0.6548,2016-08-06 23:00
0.6551,2016-08-06 22:00
0.6554,2016-08-06 21:00
0.6557,2016-08-06 20:00
0.6562,2016-08-06 19:00
0.6568,2016-08-06 18:00
0.6576,2016-08-06 17:00
0.6587,2016-08-06 16:00
0.6602,2016-08-06 15:00
0.6621,2016-08-06 14:00
0.6647,2016-08-06 13:00
0.6681,2016-08-06 12:00
0.6726,2016-08-06 11:00
0.6786,2016-08-06 10:00
0.6863,2016-08-06 09:00
0.6962,2016-08-06 08:00
0.7088,2016-08-06 07:00
0.7246,2016-08-06 06:00
0.7441,2016-08-06 05:00
0.7680,2016-08-06 04:00
0.7968,2016-08-06 03:00
0.8309,2016-08-06 02:00
0.8708,2016-08-06 01:00
0.9167,2016-08-06 00:00
0.9684,2016-08-05 23:00
1.0255,2016-08-05 22:00
1.0870,2016-08-05 21:00
1.1514,2016-08-05 20:00
1.2164,2016-08-05 19:00
1.2795,2016-08-05 18:00
1.3374,2016-08-05 17:00
1.3868,2016-08-05 16:00
1.4241,2016-08-05 15:00
1.4461,2016-08-05 14:00
1.4497,2016-08-05 13:00
1.4335,2016-08-05 12:00
1.3984,2016-08-05 11:00
1.3476,2016-08-05 10:00
1.2849,2016-08-05 09:00
1.2137,2016-08-05 08:00
1.1382,2016-08-05 07:00
1.0668,2016-08-05 06:00
1.0088,2016-08-05 05:00
0.9632,2016-08-05 04:00
0.9148,2016-08-05 03:00
0.8450,2016-08-05 02:00
0.7625,2016-08-05 01:00
0.7061,2016-08-05 00:00
0.7026,2016-08-04 23:00
0.6992,2016-08-04 22:00
0.6940,2016-08-04 21:00
0.6853,2016-08-04 20:00
0.6739,2016-08-04 19:00
0.6635,2016-08-04 18:00
0.6638,2016-08-04 17:00
0.6640,2016-08-04 16:00
0.6643,2016-08-04 15:00
0.6646,2016-08-04 14:00
0.6649,2016-08-04 13:00
0.6652,2016-08-04 12:00
0.6654,2016-08-04 11:00
0.6657,2016-08-04 10:00
0.6660,2016-08-04 09:00
0.6663,2016-08-04 08:00
0.6665,2016-08-04 07:00
0.6668,2016-08-04 06:00
0.6671,2016-08-04 05:00
0.6674,2016-08-04 04:00
0.6676,2016-08-04 03:00
0.6679,2016-08-04 02:00
0.6682,2016-08-04 01:00
0.6685,2016-08-04 00:00
0.6688,2016-08-03 23:00
0.6690,2016-08-03 22:00
0.6693,2016-08-03 21:00
0.6696,2016-08-03 20:00
0.6699,2016-08-03 19:00
0.6703,2016-08-03 18:00
0.6706,2016-08-03 17:00
0.6710,2016-08-03 16:00
0.6714,2016-08-03 15:00
0.6719,2016-08-03 14:00
0.6724,2016-08-03 13:00
0.6731,2016-08-03 12:00
0.6739,2016-08-03 11:00
0.6749,2016-08-03 10:00
0.6760,2016-08-03 09:00
0.6774,2016-08-03 08:00
0.6791,2016-08-03 07:00
0.6811,2016-08-03 06:00
0.6834,2016-08-03 05:00
0.6860,2016-08-03 04:00
0.6889,2016-08-03 03:00
0.6920,2016-08-03 02:00
0.6952,2016-08-03 01:00
0.6983,2016-08-03 00:00
0.7013,2016-08-02 23:00
0.7039,2016-08-02 22:00
0.7060,2016-08-02 21:00
0.7074,2016-08-02 20:00
0.7080,2016-08-02 19:00
0.7078,2016-08-02 18:00
0.7070,2016-08-02 17:00
0.7056,2016-08-02 16:00
0.7039,2016-08-02 15:00
0.7021,2016-08-02 14:00
0.7005,2016-08-02 13:00
0.6993,2016-08-02 12:00
0.6984,2016-08-02 11:00
0.6977,2016-08-02 10:00
0.6971,2016-08-02 09:00
0.6964,2016-08-02 08:00
0.6955,2016-08-02 07:00
0.6943,2016-08-02 06:00
0.6931,2016-08-02 05:00
0.6918,2016-08-02 04:00
0.6902,2016-08-02 03:00
0.6877,2016-08-02 02:00
0.6844,2016-08-02 01:00
0.6807,2016-08-02 00:00
0.6809,2016-08-01 23:00
0.6811,2016-08-01 22:00
0.6814,2016-08-01 21:00
0.6816,2016-08-01 20:00
0.6819,2016-08-01 19:00
0.6821,2016-08-01 18:00
0.6824,2016-08-01 17:00
0.6826,2016-08-01 16:00
0.6829,2016-08-01 15:00
0.6831,2016-08-01 14:00
0.6833,2016-08-01 13:00
0.6836,2016-08-01 12:00
0.6838,2016-08-01 11:00
0.6841,2016-08-01 10:00
0.6843,2016-08-01 09:00
0.6846,2016-08-01 08:00
0.6848,2016-08-01 07:00
0.6851,2016-08-01 06:00
0.6853,2016-08-01 05:00
0.6856,2016-08-01 04:00
0.6858,2016-08-01 03:00
0.6861,2016-08-01 02:00
0.6863,2016-08-01 01:00
0.6865,2016-08-01 00:00
0.6868,2016-07-31 23:00
0.6870,2016-07-31 22:00
0.6873,2016-07-31 21:00
0.6875,2016-07-31 20:00
0.6878,2016-07-31 19:00
0.6880,2016-07-31 18:00
0.6883,2016-07-31 17:00
0.6885,2016-07-31 16:00
0.6888,2016-07-31 15:00
0.6890,2016-07-31 14:00
0.6893,2016-07-31 13:00
0.6896,2016-07-31 12:00
0.6900,2016-07-31 11:00
0.6904,2016-07-31 10:00
0.6908,2016-07-31 09:00
0.6913,2016-07-31 08:00
0.6917,2016-07-31 07:00
0.6921,2016-07-31 06:00
0.6923,2016-07-31 05:00
0.6924,2016-07-31 04:00
0.6922,2016-07-31 03:00
0.6920,2016-07-31 02:00
0.6920,2016-07-31 01:00
0.6921,2016-07-31 00:00
0.6923,2016-07-30 23:00
0.6925,2016-07-30 22:00
0.6927,2016-07-30 21:00
0.6930,2016-07-30 20:00
0.6932,2016-07-30 19:00
0.6934,2016-07-30 18:00
0.6936,2016-07-30 17:00
0.6938,2016-07-30 16:00
0.6940,2016-07-30 15:00
0.6942,2016-07-30 14:00
0.6944,2016-07-30 13:00
0.6946,2016-07-30 12:00
0.6948,2016-07-30 11:00
0.6950,2016-07-30 10:00
0.6952,2016-07-30 09:00
0.6954,2016-07-30 08:00
0.6956,2016-07-30 07:00
0.6958,2016-07-30 06:00
0.6960,2016-07-30 05:00
0.6962,2016-07-30 04:00
0.6964,2016-07-30 03:00
0.6966,2016-07-30 02:00
0.6968,2016-07-30 01:00
0.6970,2016-07-30 00:00
0.6972,2016-07-29 23:00
0.6974,2016-07-29 22:00
0.6976,2016-07-29 21:00
0.6978,2016-07-29 20:00
0.6979,2016-07-29 19:00
0.6981,2016-07-29 18:00
0.6983,2016-07-29 17:00
0.6985,2016-07-29 16:00
0.6987,2016-07-29 15:00
0.6989,2016-07-29 14:00
0.6990,2016-07-29 13:00
0.6992,2016-07-29 12:00
0.6994,2016-07-29 11:00
0.6996,2016-07-29 10:00
0.6997,2016-07-29 09:00
0.6999,2016-07-29 08:00
0.7001,2016-07-29 07:00
0.7002,2016-07-29 06:00
0.7004,2016-07-29 05:00
0.7006,2016-07-29 04:00
0.7007,2016-07-29 03:00
0.7009,2016-07-29 02:00
0.7011,2016-07-29 01:00
0.7012,2016-07-29 00:00
0.7014,2016-07-28 23:00
0.7015,2016-07-28 22:00
0.7017,2016-07-28 21:00
0.7019,2016-07-28 20:00
0.7020,2016-07-28 19:00
0.7022,2016-07-28 18:00
0.7023,2016-07-28 17:00
0.7025,2016-07-28 16:00
0.7026,2016-07-28 15:00
0.7028,2016-07-28 14:00
0.7029,2016-07-28 13:00
0.7030,2016-07-28 12:00
0.7032,2016-07-28 11:00
0.7033,2016-07-28 10:00
0.7035,2016-07-28 09:00
0.7036,2016-07-28 08:00
0.7037,2016-07-28 07:00
0.7039,2016-07-28 06:00
0.7040,2016-07-28 05:00
0.7042,2016-07-28 04:00
0.7043,2016-07-28 03:00
0.7044,2016-07-28 02:00
0.7045,2016-07-28 01:00
0.7047,2016-07-28 00:00
0.7048,2016-07-27 23:00
0.7049,2016-07-27 22:00
0.7050,2016-07-27 21:00
0.7052,2016-07-27 20:00
0.7053,2016-07-27 19:00
0.7054,2016-07-27 18:00
0.7055,2016-07-27 17:00
0.7056,2016-07-27 16:00
0.7058,2016-07-27 15:00
0.7059,2016-07-27 14:00
0.7060,2016-07-27 13:00
0.7061,2016-07-27 12:00
0.7062,2016-07-27 11:00
0.7063,2016-07-27 10:00
0.7064,2016-07-27 09:00
0.7065,2016-07-27 08:00
0.7066,2016-07-27 07:00
0.7067,2016-07-27 06:00
0.7068,2016-07-27 05:00
0.7069,2016-07-27 04:00
0.7070,2016-07-27 03:00
0.7071,2016-07-27 02:00
0.7072,2016-07-27 01:00
0.7073,2016-07-27 00:00
0.7074,2016-07-26 23:00
0.7075,2016-07-26 22:00
0.7075,2016-07-26 21:00
0.7076,2016-07-26 20:00
0.7077,2016-07-26 19:00
0.7078,2016-07-26 18:00
0.7079,2016-07-26 17:00
0.7080,2016-07-26 16:00
0.7080,2016-07-26 15:00
0.7081,2016-07-26 14:00
0.7082,2016-07-26 13:00
0.7083,2016-07-26 12:00
0.7083,2016-07-26 11:00
0.7084,2016-07-26 10:00
0.7085,2016-07-26 09:00
0.7085,2016-07-26 08:00
0.7086,2016-07-26 07:00
0.7087,2016-07-26 06:00
0.7087,2016-07-26 05:00
0.7088,2016-07-26 04:00
0.7089,2016-07-26 03:00
0.7090,2016-07-26 02:00
0.7090,2016-07-26 01:00
0.7091,2016-07-26 00:00
0.7092,2016-07-25 23:00
0.7093,2016-07-25 22:00
0.7095,2016-07-25 21:00
0.7096,2016-07-25 20:00
0.7099,2016-07-25 19:00
0.7101,2016-07-25 18:00
0.7105,2016-07-25 17:00
0.7110,2016-07-25 16:00
0.7118,2016-07-25 15:00
0.7127,2016-07-25 14:00
0.7140,2016-07-25 13:00
0.7158,2016-07-25 12:00
0.7183,2016-07-25 11:00
0.7216,2016-07-25 10:00
0.7260,2016-07-25 09:00
0.7319,2016-07-25 08:00
0.7397,2016-07-25 07:00
0.7498,2016-07-25 06:00
0.7628,2016-07-25 05:00
0.7795,2016-07-25 04:00
0.8004,2016-07-25 03:00
0.8265,2016-07-25 02:00
0.8586,2016-07-25 01:00
0.8977,2016-07-25 00:00
0.9447,2016-07-24 23:00
1.0005,2016-07-24 22:00
1.0659,2016-07-24 21:00
1.1414,2016-07-24 20:00
1.2272,2016-07-24 19:00
1.3225,2016-07-24 18:00
1.4260,2016-07-24 17:00
1.5350,2016-07-24 16:00
1.6453,2016-07-24 15:00
1.7515,2016-07-24 14:00
1.8468,2016-07-24 13:00
1.9234,2016-07-24 12:00
1.9731,2016-07-24 11:00
1.9883,2016-07-24 10:00
1.9642,2016-07-24 09:00
1.9029,2016-07-24 08:00
1.8144,2016-07-24 07:00
1.7128,2016-07-24 06:00
1.6067,2016-07-24 05:00
1.4997,2016-07-24 04:00
1.4009,2016-07-24 03:00
1.3259,2016-07-24 02:00
1.2733,2016-07-24 01:00
1.2103,2016-07-24 00:00
1.0968,2016-07-23 23:00
0.9417,2016-07-23 22:00
0.8271,2016-07-23 21:00
0.7886,2016-07-23 20:00
0.7826,2016-07-23 19:00
0.7736,2016-07-23 18:00
0.7625,2016-07-23 17:00
0.7505,2016-07-23 16:00
0.7343,2016-07-23 15:00
0.7212,2016-07-23 14:00
0.7195,2016-07-23 13:00
0.7213,2016-07-23 12:00
0.7235,2016-07-23 11:00
0.7261,2016-07-23 10:00
0.7292,2016-07-23 09:00
0.7328,2016-07-23 08:00
0.7369,2016-07-23 07:00
0.7413,2016-07-23 06:00
0.7450,2016-07-23 05:00
0.7470,2016-07-23 04:00
0.7458,2016-07-23 03:00
0.7408,2016-07-23 02:00
0.7328,2016-07-23 01:00
0.7254,2016-07-23 00:00
0.7241,2016-07-22 23:00
0.7225,2016-07-22 22:00
0.7207,2016-07-22 21:00
0.7188,2016-07-22 20:00
0.7172,2016-07-22 19:00
0.7160,2016-07-22 18:00
0.7151,2016-07-22 17:00
0.7147,2016-07-22 16:00
0.7145,2016-07-22 15:00
0.7145,2016-07-22 14:00
0.7145,2016-07-22 13:00
0.7146,2016-07-22 12:00
0.7147,2016-07-22 11:00
0.7148,2016-07-22 10:00
0.7149,2016-07-22 09:00
0.7151,2016-07-22 08:00
0.7152,2016-07-22 07:00
0.7154,2016-07-22 06:00
0.7156,2016-07-22 05:00
0.7159,2016-07-22 04:00
0.7163,2016-07-22 03:00
0.7167,2016-07-22 02:00
0.7173,2016-07-22 01:00
0.7180,2016-07-22 00:00
0.7189,2016-07-21 23:00
0.7199,2016-07-21 22:00
0.7212,2016-07-21 21:00
0.7226,2016-07-21 20:00
0.7243,2016-07-21 19:00
0.7260,2016-07-21 18:00
0.7279,2016-07-21 17:00
0.7298,2016-07-21 16:00
0.7317,2016-07-21 15:00
0.7335,2016-07-21 14:00
0.7352,2016-07-21 13:00
0.7367,2016-07-21 12:00
0.7381,2016-07-21 11:00
0.7395,2016-07-21 10:00
0.7410,2016-07-21 09:00
0.7427,2016-07-21 08:00
0.7451,2016-07-21 07:00
0.7482,2016-07-21 06:00
0.7525,2016-07-21 05:00
0.7582,2016-07-21 04:00
0.7656,2016-07-21 03:00
0.7750,2016-07-21 02:00
0.7867,2016-07-21 01:00
0.8013,2016-07-21 00:00
0.8191,2016-07-20 23:00
0.8409,2016-07-20 22:00
0.8669,2016-07-20 21:00
0.8972,2016-07-20 20:00
0.9314,2016-07-20 19:00
0.9685,2016-07-20 18:00
1.0081,2016-07-20 17:00
1.0522,2016-07-20 16:00
1.1017,2016-07-20 15:00
1.1518,2016-07-20 14:00
1.2007,2016-07-20 13:00
1.2465,2016-07-20 12:00
1.2870,2016-07-20 11:00
1.3195,2016-07-20 10:00
1.3406,2016-07-20 09:00
1.3459,2016-07-20 08:00
1.3318,2016-07-20 07:00
1.2970,2016-07-20 06:00
1.2450,2016-07-20 05:00
1.1840,2016-07-20 04:00
1.1235,2016-07-20 03:00
1.0697,2016-07-20 02:00
1.0233,2016-07-20 01:00
0.9822,2016-07-20 00:00
0.9435,2016-07-19 23:00
0.9036,2016-07-19 22:00
0.8575,2016-07-19 21:00
0.8035,2016-07-19 20:00
0.7513,2016-07-19 19:00
0.7210,2016-07-19 18:00
0.7164,2016-07-19 17:00
0.7165,2016-07-19 16:00
0.7166,2016-07-19 15:00
0.7167,2016-07-19 14:00
0.7170,2016-07-19 13:00
0.7173,2016-07-19 12:00
0.7177,2016-07-19 11:00
0.7183,2016-07-19 10:00
0.7192,2016-07-19 09:00
0.7203,2016-07-19 08:00
0.7219,2016-07-19 07:00
0.7241,2016-07-19 06:00
0.7270,2016-07-19 05:00
0.7309,2016-07-19 04:00
0.7359,2016-07-19 03:00
0.7425,2016-07-19 02:00
0.7510,2016-07-19 01:00
0.7617,2016-07-19 00:00
0.7750,2016-07-18 23:00
0.7915,2016-07-18 22:00
0.8117,2016-07-18 21:00
0.8360,2016-07-18 20:00
0.8651,2016-07-18 19:00
0.8996,2016-07-18 18:00
0.9403,2016-07-18 17:00
0.9881,2016-07-18 16:00
1.0439,2016-07-18 15:00
1.1091,2016-07-18 14:00
1.1850,2016-07-18 13:00
1.2735,2016-07-18 12:00
1.3763,2016-07-18 11:00
1.4954,2016-07-18 10:00
1.6326,2016-07-18 09:00
1.7891,2016-07-18 08:00
1.9653,2016-07-18 07:00
2.1600,2016-07-18 06:00
2.3697,2016-07-18 05:00
2.5877,2016-07-18 04:00
2.8035,2016-07-18 03:00
3.0022,2016-07-18 02:00
3.1648,2016-07-18 01:00
3.2704,2016-07-18 00:00
3.3014,2016-07-17 23:00
3.2487,2016-07-17 22:00
3.1152,2016-07-17 21:00
2.9141,2016-07-17 20:00
2.6665,2016-07-17 19:00
2.3950,2016-07-17 18:00
2.1053,2016-07-17 17:00
1.8177,2016-07-17 16:00
1.5881,2016-07-17 15:00
1.4265,2016-07-17 14:00
1.2705,2016-07-17 13:00
1.0688,2016-07-17 12:00
0.8717,2016-07-17 11:00
0.7586,2016-07-17 10:00
0.7251,2016-07-17 09:00
0.7176,2016-07-17 08:00
0.7178,2016-07-17 07:00
0.7179,2016-07-17 06:00
0.7180,2016-07-17 05:00
0.7182,2016-07-17 04:00
0.7183,2016-07-17 03:00
0.7185,2016-07-17 02:00
0.7186,2016-07-17 01:00
0.7187,2016-07-17 00:00
0.7189,2016-07-16 23:00
0.7190,2016-07-16 22:00
0.7191,2016-07-16 21:00
0.7193,2016-07-16 20:00
0.7194,2016-07-16 19:00
0.7195,2016-07-16 18:00
0.7196,2016-07-16 17:00
0.7198,2016-07-16 16:00
0.7199,2016-07-16 15:00
0.7200,2016-07-16 14:00
0.7201,2016-07-16 13:00
0.7203,2016-07-16 12:00
0.7204,2016-07-16 11:00
0.7205,2016-07-16 10:00
0.7206,2016-07-16 09:00
0.7207,2016-07-16 08:00
0.7208,2016-07-16 07:00
0.7209,2016-07-16 06:00
0.7210,2016-07-16 05:00
0.7211,2016-07-16 04:00
0.7213,2016-07-16 03:00
0.7214,2016-07-16 02:00
0.7215,2016-07-16 01:00
0.7216,2016-07-16 00:00
0.7217,2016-07-15 23:00
0.7218,2016-07-15 22:00
0.7218,2016-07-15 21:00
0.7219,2016-07-15 20:00
0.7220,2016-07-15 19:00
0.7221,2016-07-15 18:00
0.7222,2016-07-15 17:00
0.7223,2016-07-15 16:00
0.7224,2016-07-15 15:00
0.7225,2016-07-15 14:00
0.7226,2016-07-15 13:00
0.7226,2016-07-15 12:00
0.7227,2016-07-15 11:00
0.7228,2016-07-15 10:00
0.7229,2016-07-15 09:00
0.7229,2016-07-15 08:00
0.7230,2016-07-15 07:00
0.7231,2016-07-15 06:00
0.7232,2016-07-15 05:00
0.7232,2016-07-15 04:00
0.7233,2016-07-15 03:00
0.7234,2016-07-15 02:00
0.7234,2016-07-15 01:00
0.7235,2016-07-15 00:00
0.7235,2016-07-14 23:00
0.7236,2016-07-14 22:00
0.7237,2016-07-14 21:00
0.7237,2016-07-14 20:00
0.7238,2016-07-14 19:00
0.7238,2016-07-14 18:00
0.7239,2016-07-14 17:00
0.7239,2016-07-14 16:00
0.7240,2016-07-14 15:00
0.7240,2016-07-14 14:00
0.7241,2016-07-14 13:00
0.7242,2016-07-14 12:00
0.7242,2016-07-14 11:00
0.7243,2016-07-14 10:00
0.7244,2016-07-14 09:00
0.7245,2016-07-14 08:00
0.7246,2016-07-14 07:00
0.7248,2016-07-14 06:00
0.7251,2016-07-14 05:00
0.7254,2016-07-14 04:00
0.7258,2016-07-14 03:00
0.7265,2016-07-14 02:00
0.7273,2016-07-14 01:00
0.7284,2016-07-14 00:00
0.7300,2016-07-13 23:00
0.7322,2016-07-13 22:00
0.7351,2016-07-13 21:00
0.7391,2016-07-13 20:00
0.7443,2016-07-13 19:00
0.7512,2016-07-13 18:00
0.7601,2016-07-13 17:00
0.7716,2016-07-13 16:00
0.7862,2016-07-13 15:00
0.8045,2016-07-13 14:00
0.8271,2016-07-13 13:00
0.8547,2016-07-13 12:00
0.8879,2016-07-13 11:00
0.9273,2016-07-13 10:00
0.9734,2016-07-13 09:00
1.0264,2016-07-13 08:00
1.0864,2016-07-13 07:00
1.1530,2016-07-13 06:00
1.2251,2016-07-13 05:00
1.3014,2016-07-13 04:00
1.3794,2016-07-13 03:00
1.4562,2016-07-13 02:00
1.5281,2016-07-13 01:00
1.5907,2016-07-13 00:00
1.6392,2016-07-12 23:00
1.6682,2016-07-12 22:00
1.6724,2016-07-12 21:00
1.6475,2016-07-12 20:00
1.5929,2016-07-12 19:00
1.5125,2016-07-12 18:00
1.4142,2016-07-12 17:00
1.3081,2016-07-12 16:00
1.2052,2016-07-12 15:00
1.1159,2016-07-12 14:00
1.0450,2016-07-12 13:00
0.9870,2016-07-12 12:00
0.9285,2016-07-12 11:00
0.8642,2016-07-12 10:00
0.8048,2016-07-12 09:00
0.7637,2016-07-12 08:00
0.7437,2016-07-12 07:00
0.7389,2016-07-12 06:00
0.7440,2016-07-12 05:00
0.7506,2016-07-12 04:00
0.7592,2016-07-12 03:00
0.7704,2016-07-12 02:00
0.7846,2016-07-12 01:00
0.8024,2016-07-12 00:00
0.8247,2016-07-11 23:00
0.8520,2016-07-11 22:00
0.8854,2016-07-11 21:00
0.9256,2016-07-11 20:00
0.9737,2016-07-11 19:00
1.0305,2016-07-11 18:00
1.0971,2016-07-11 17:00
1.1742,2016-07-11 16:00
1.2625,2016-07-11 15:00
1.3622,2016-07-11 14:00
1.4729,2016-07-11 13:00
1.5935,2016-07-11 12:00
1.7215,2016-07-11 11:00
1.8534,2016-07-11 10:00
1.9842,2016-07-11 09:00
2.1080,2016-07-11 08:00
2.2184,2016-07-11 07:00
2.3089,2016-07-11 06:00
2.3724,2016-07-11 05:00
2.4003,2016-07-11 04:00
2.3822,2016-07-11 03:00
2.3080,2016-07-11 02:00
2.1730,2016-07-11 01:00
1.9830,2016-07-11 00:00
1.7541,2016-07-10 23:00
1.5125,2016-07-10 22:00
1.2949,2016-07-10 21:00
1.1333,2016-07-10 20:00
1.0199,2016-07-10 19:00
0.9202,2016-07-10 18:00
0.8284,2016-07-10 17:00
0.7601,2016-07-10 16:00
0.7268,2016-07-10 15:00
0.7269,2016-07-10 14:00
0.7270,2016-07-10 13:00
0.7271,2016-07-10 12:00
0.7272,2016-07-10 11:00
0.7273,2016-07-10 10:00
0.7274,2016-07-10 09:00
0.7275,2016-07-10 08:00
0.7277,2016-07-10 07:00
0.7278,2016-07-10 06:00
0.7279,2016-07-10 05:00
0.7280,2016-07-10 04:00
0.7281,2016-07-10 03:00
0.7282,2016-07-10 02:00
0.7283,2016-07-10 01:00
0.7283,2016-07-10 00:00
0.7284,2016-07-09 23:00
0.7285,2016-07-09 22:00
0.7286,2016-07-09 21:00
0.7287,2016-07-09 20:00
0.7288,2016-07-09 19:00
0.7289,2016-07-09 18:00
0.7291,2016-07-09 17:00
0.7292,2016-07-09 16:00
0.7293,2016-07-09 15:00
0.7295,2016-07-09 14:00
0.7297,2016-07-09 13:00
0.7299,2016-07-09 12:00
0.7302,2016-07-09 11:00
0.7306,2016-07-09 10:00
0.7310,2016-07-09 09:00
0.7315,2016-07-09 08:00
0.7321,2016-07-09 07:00
0.7328,2016-07-09 06:00
0.7337,2016-07-09 05:00
0.7346,2016-07-09 04:00
0.7357,2016-07-09 03:00
0.7369,2016-07-09 02:00
0.7382,2016-07-09 01:00
0.7399,2016-07-09 00:00
0.7418,2016-07-08 23:00
0.7443,2016-07-08 22:00
0.7476,2016-07-08 21:00
0.7520,2016-07-08 20:00
0.7578,2016-07-08 19:00
0.7656,2016-07-08 18:00
0.7758,2016-07-08 17:00
0.7892,2016-07-08 16:00
0.8061,2016-07-08 15:00
0.8273,2016-07-08 14:00
0.8532,2016-07-08 13:00
0.8843,2016-07-08 12:00
0.9211,2016-07-08 11:00
0.9637,2016-07-08 10:00
1.0120,2016-07-08 09:00
1.0655,2016-07-08 08:00
1.1231,2016-07-08 07:00
1.1830,2016-07-08 06:00
1.2428,2016-07-08 05:00
1.3003,2016-07-08 04:00
1.3534,2016-07-08 03:00
1.4019,2016-07-08 02:00
1.4441,2016-07-08 01:00
1.4735,2016-07-08 00:00
1.4860,2016-07-07 23:00
1.4788,2016-07-07 22:00
1.4518,2016-07-07 21:00
1.4087,2016-07-07 20:00
1.3555,2016-07-07 19:00
1.2971,2016-07-07 18:00
1.2371,2016-07-07 17:00
1.1815,2016-07-07 16:00
1.1387,2016-07-07 15:00
1.1089,2016-07-07 14:00
1.0754,2016-07-07 13:00
1.0116,2016-07-07 12:00
0.9211,2016-07-07 11:00
0.8778,2016-07-07 10:00
0.9144,2016-07-07 09:00
0.9580,2016-07-07 08:00
1.0093,2016-07-07 07:00
1.0691,2016-07-07 06:00
1.1379,2016-07-07 05:00
1.2157,2016-07-07 04:00
1.3022,2016-07-07 03:00
1.3961,2016-07-07 02:00
1.4950,2016-07-07 01:00
1.5952,2016-07-07 00:00
1.6911,2016-07-06 23:00
1.7758,2016-07-06 22:00
1.8419,2016-07-06 21:00
1.8814,2016-07-06 20:00
1.8883,2016-07-06 19:00
1.8592,2016-07-06 18:00
1.7955,2016-07-06 17:00
1.7047,2016-07-06 16:00
1.5992,2016-07-06 15:00
1.4914,2016-07-06 14:00
1.3879,2016-07-06 13:00
1.2895,2016-07-06 12:00
1.1995,2016-07-06 11:00
1.1288,2016-07-06 10:00
1.0824,2016-07-06 09:00
1.0369,2016-07-06 08:00
0.9544,2016-07-06 07:00
0.8329,2016-07-06 06:00
0.7424,2016-07-06 05:00
0.7370,2016-07-06 04:00
0.7373,2016-07-06 03:00
0.7375,2016-07-06 02:00
0.7377,2016-07-06 01:00
0.7380,2016-07-06 00:00
0.7382,2016-07-05 23:00
0.7385,2016-07-05 22:00
0.7387,2016-07-05 21:00
0.7389,2016-07-05 20:00
0.7392,2016-07-05 19:00
0.7394,2016-07-05 18:00
0.7396,2016-07-05 17:00
0.7399,2016-07-05 16:00
0.7401,2016-07-05 15:00
0.7403,2016-07-05 14:00
0.7405,2016-07-05 13:00
0.7408,2016-07-05 12:00
0.7410,2016-07-05 11:00
0.7412,2016-07-05 10:00
0.7414,2016-07-05 09:00
0.7417,2016-07-05 08:00
0.7419,2016-07-05 07:00
0.7421,2016-07-05 06:00
0.7423,2016-07-05 05:00
0.7425,2016-07-05 04:00
0.7428,2016-07-05 03:00
0.7430,2016-07-05 02:00
0.7432,2016-07-05 01:00
0.7434,2016-07-05 00:00
0.7436,2016-07-04 23:00
0.7438,2016-07-04 22:00
0.7440,2016-07-04 21:00
0.7442,2016-07-04 20:00
0.7444,2016-07-04 19:00
0.7447,2016-07-04 18:00
0.7449,2016-07-04 17:00
0.7451,2016-07-04 16:00
0.7453,2016-07-04 15:00
0.7455,2016-07-04 14:00
0.7457,2016-07-04 13:00
0.7459,2016-07-04 12:00
0.7461,2016-07-04 11:00
0.7463,2016-07-04 10:00
0.7465,2016-07-04 09:00
0.7467,2016-07-04 08:00
0.7468,2016-07-04 07:00
0.7470,2016-07-04 06:00
0.7472,2016-07-04 05:00
0.7474,2016-07-04 04:00
0.7476,2016-07-04 03:00
0.7478,2016-07-04 02:00
0.7480,2016-07-04 01:00
0.7482,2016-07-04 00:00
0.7483,2016-07-03 23:00
0.7485,2016-07-03 22:00
0.7487,2016-07-03 21:00
0.7489,2016-07-03 20:00
0.7491,2016-07-03 19:00
0.7492,2016-07-03 18:00
0.7494,2016-07-03 17:00
0.7496,2016-07-03 16:00
0.7498,2016-07-03 15:00
0.7499,2016-07-03 14:00
0.7501,2016-07-03 13:00
0.7503,2016-07-03 12:00
0.7504,2016-07-03 11:00
0.7506,2016-07-03 10:00
0.7508,2016-07-03 09:00
0.7509,2016-07-03 08:00
0.7511,2016-07-03 07:00
0.7513,2016-07-03 06:00
0.7514,2016-07-03 05:00
0.7516,2016-07-03 04:00
0.7518,2016-07-03 03:00
0.7519,2016-07-03 02:00
0.7521,2016-07-03 01:00
0.7522,2016-07-03 00:00
0.7524,2016-07-02 23:00
0.7525,2016-07-02 22:00
0.7527,2016-07-02 21:00
0.7529,2016-07-02 20:00
0.7531,2016-07-02 19:00
0.7532,2016-07-02 18:00
0.7534,2016-07-02 17:00
0.7537,2016-07-02 16:00
0.7539,2016-07-02 15:00
0.7542,2016-07-02 14:00
0.7546,2016-07-02 13:00
0.7551,2016-07-02 12:00
0.7557,2016-07-02 11:00
0.7565,2016-07-02 10:00
0.7575,2016-07-02 09:00
0.7588,2016-07-02 08:00
0.7606,2016-07-02 07:00
0.7629,2016-07-02 06:00
0.7658,2016-07-02 05:00
0.7695,2016-07-02 04:00
0.7742,2016-07-02 03:00
0.7799,2016-07-02 02:00
0.7866,2016-07-02 01:00
0.7946,2016-07-02 00:00
0.8036,2016-07-01 23:00
0.8136,2016-07-01 22:00
0.8243,2016-07-01 21:00
0.8354,2016-07-01 20:00
0.8464,2016-07-01 19:00
0.8570,2016-07-01 18:00
0.8666,2016-07-01 17:00
0.8746,2016-07-01 16:00
0.8806,2016-07-01 15:00
0.8842,2016-07-01 14:00
0.8850,2016-07-01 13:00
0.8828,2016-07-01 12:00
0.8780,2016-07-01 11:00
0.8711,2016-07-01 10:00
0.8628,2016-07-01 09:00
0.8541,2016-07-01 08:00
0.8453,2016-07-01 07:00
0.8366,2016-07-01 06:00
0.8280,2016-07-01 05:00
0.8197,2016-07-01 04:00
0.8123,2016-07-01 03:00
0.8062,2016-07-01 02:00
0.8003,2016-07-01 01:00
0.7921,2016-07-01 00:00
0.7802,2016-06-30 23:00
0.7669,2016-06-30 22:00
0.7597,2016-06-30 21:00
0.7568,2016-06-30 20:00
0.7568,2016-06-30 19:00
0.7568,2016-06-30 18:00
0.7567,2016-06-30 17:00
0.7567,2016-06-30 16:00
0.7567,2016-06-30 15:00
0.7567,2016-06-30 14:00
0.7567,2016-06-30 13:00
0.7567,2016-06-30 12:00
0.7567,2016-06-30 11:00
0.7567,2016-06-30 10:00
0.7567,2016-06-30 09:00
0.7567,2016-06-30 08:00
0.7566,2016-06-30 07:00
0.7566,2016-06-30 06:00
0.7566,2016-06-30 05:00
0.7566,2016-06-30 04:00
0.7566,2016-06-30 03:00
0.7565,2016-06-30 02:00
0.7565,2016-06-30 01:00
0.7565,2016-06-30 00:00
0.7565,2016-06-29 23:00
0.7564,2016-06-29 22:00
0.7564,2016-06-29 21:00
0.7564,2016-06-29 20:00
0.7563,2016-06-29 19:00
0.7563,2016-06-29 18:00
0.7563,2016-06-29 17:00
0.7562,2016-06-29 16:00
0.7562,2016-06-29 15:00
0.7562,2016-06-29 14:00
0.7561,2016-06-29 13:00
0.7561,2016-06-29 12:00
0.7560,2016-06-29 11:00
0.7560,2016-06-29 10:00
0.7559,2016-06-29 09:00
0.7559,2016-06-29 08:00
0.7559,2016-06-29 07:00
0.7558,2016-06-29 06:00
0.7558,2016-06-29 05:00
0.7557,2016-06-29 04:00
0.7557,2016-06-29 03:00
0.7556,2016-06-29 02:00
0.7556,2016-06-29 01:00
0.7555,2016-06-29 00:00
0.7555,2016-06-28 23:00
0.7554,2016-06-28 22:00
0.7554,2016-06-28 21:00
0.7554,2016-06-28 20:00
0.7553,2016-06-28 19:00
0.7553,2016-06-28 18:00
0.7553,2016-06-28 17:00
0.7553,2016-06-28 16:00
0.7554,2016-06-28 15:00
0.7554,2016-06-28 14:00
0.7555,2016-06-28 13:00
0.7556,2016-06-28 12:00
0.7558,2016-06-28 11:00
0.7561,2016-06-28 10:00
0.7565,2016-06-28 09:00
0.7570,2016-06-28 08:00
0.7576,2016-06-28 07:00
0.7585,2016-06-28 06:00
0.7597,2016-06-28 05:00
0.7613,2016-06-28 04:00
0.7634,2016-06-28 03:00
0.7662,2016-06-28 02:00
0.7698,2016-06-28 01:00
0.7745,2016-06-28 00:00
0.7805,2016-06-27 23:00
0.7883,2016-06-27 22:00
0.7982,2016-06-27 21:00
0.8108,2016-06-27 20:00
0.8266,2016-06-27 19:00
0.8463,2016-06-27 18:00
0.8708,2016-06-27 17:00
0.9010,2016-06-27 16:00
0.9380,2016-06-27 15:00
0.9832,2016-06-27 14:00
1.0380,2016-06-27 13:00
1.1043,2016-06-27 12:00
1.1840,2016-06-27 11:00
1.2797,2016-06-27 10:00
1.3939,2016-06-27 09:00
1.5298,2016-06-27 08:00
1.6906,2016-06-27 07:00
1.8796,2016-06-27 06:00
2.0993,2016-06-27 05:00
2.3515,2016-06-27 04:00
2.6353,2016-06-27 03:00
2.9460,2016-06-27 02:00
3.2731,2016-06-27 01:00
3.5984,2016-06-27 00:00
3.8947,2016-06-26 23:00
4.1242,2016-06-26 22:00
4.2362,2016-06-26 21:00
4.1682,2016-06-26 20:00
3.8642,2016-06-26 19:00
3.3296,2016-06-26 18:00
2.6831,2016-06-26 17:00
2.0943,2016-06-26 16:00
1.6428,2016-06-26 15:00
1.3123,2016-06-26 14:00
1.0847,2016-06-26 13:00
0.9527,2016-06-26 12:00
0.8856,2016-06-26 11:00
0.8388,2016-06-26 10:00
0.7919,2016-06-26 09:00
0.7604,2016-06-26 08:00
0.7553,2016-06-26 07:00
0.7511,2016-06-26 06:00
0.7511,2016-06-26 05:00
0.7511,2016-06-26 04:00
0.7511,2016-06-26 03:00
0.7511,2016-06-26 02:00
0.7511,2016-06-26 01:00
0.7511,2016-06-26 00:00
0.7511,2016-06-25 23:00
0.7511,2016-06-25 22:00
0.7511,2016-06-25 21:00
0.7511,2016-06-25 20:00
0.7511,2016-06-25 19:00
0.7510,2016-06-25 18:00
0.7510,2016-06-25 17:00
0.7510,2016-06-25 16:00
0.7510,2016-06-25 15:00
0.7510,2016-06-25 14:00
0.7510,2016-06-25 13:00
0.7509,2016-06-25 12:00
0.7509,2016-06-25 11:00
0.7509,2016-06-25 10:00
0.7509,2016-06-25 09:00
0.7508,2016-06-25 08:00
0.7508,2016-06-25 07:00
0.7508,2016-06-25 06:00
0.7508,2016-06-25 05:00
0.7507,2016-06-25 04:00
0.7507,2016-06-25 03:00
0.7507,2016-06-25 02:00
0.7506,2016-06-25 01:00
0.7506,2016-06-25 00:00
0.7506,2016-06-24 23:00
0.7505,2016-06-24 22:00
0.7505,2016-06-24 21:00
0.7505,2016-06-24 20:00
0.7505,2016-06-24 19:00
0.7504,2016-06-24 18:00
0.7504,2016-06-24 17:00
0.7504,2016-06-24 16:00
0.7504,2016-06-24 15:00
0.7505,2016-06-24 14:00
0.7506,2016-06-24 13:00
0.7507,2016-06-24 12:00
0.7508,2016-06-24 11:00
0.7511,2016-06-24 10:00
0.7514,2016-06-24 09:00
0.7519,2016-06-24 08:00
0.7526,2016-06-24 07:00
0.7536,2016-06-24 06:00
0.7549,2016-06-24 05:00
0.7568,2016-06-24 04:00
0.7593,2016-06-24 03:00
0.7627,2016-06-24 02:00
0.7672,2016-06-24 01:00
0.7733,2016-06-24 00:00
0.7812,2016-06-23 23:00
0.7915,2016-06-23 22:00
0.8046,2016-06-23 21:00
0.8214,2016-06-23 20:00
0.8423,2016-06-23 19:00
0.8683,2016-06-23 18:00
0.9000,2016-06-23 17:00
0.9385,2016-06-23 16:00
0.9845,2016-06-23 15:00
1.0389,2016-06-23 14:00
1.1026,2016-06-23 13:00
1.1764,2016-06-23 12:00
1.2606,2016-06-23 11:00
1.3557,2016-06-23 10:00
1.4613,2016-06-23 09:00
1.5768,2016-06-23 08:00
1.7004,2016-06-23 07:00
1.8287,2016-06-23 06:00
1.9563,2016-06-23 05:00
2.0748,2016-06-23 04:00
2.1727,2016-06-23 03:00
2.2366,2016-06-23 02:00
2.2546,2016-06-23 01:00
2.2218,2016-06-23 00:00
2.1436,2016-06-22 23:00
2.0327,2016-06-22 22:00
1.9014,2016-06-22 21:00
1.7582,2016-06-22 20:00
1.6139,2016-06-22 19:00
1.4819,2016-06-22 18:00
1.3668,2016-06-22 17:00
1.2589,2016-06-22 16:00
1.1559,2016-06-22 15:00
1.0811,2016-06-22 14:00
1.0356,2016-06-22 13:00
0.9837,2016-06-22 12:00
0.9198,2016-06-22 11:00
0.8594,2016-06-22 10:00
0.8161,2016-06-22 09:00
0.7824,2016-06-22 08:00
0.7598,2016-06-22 07:00
0.7496,2016-06-22 06:00
0.7474,2016-06-22 05:00
0.7474,2016-06-22 04:00
0.7474,2016-06-22 03:00
0.7474,2016-06-22 02:00
0.7474,2016-06-22 01:00
0.7474,2016-06-22 00:00
0.7474,2016-06-21 23:00
0.7474,2016-06-21 22:00
0.7473,2016-06-21 21:00
0.7473,2016-06-21 20:00
0.7473,2016-06-21 19:00
0.7473,2016-06-21 18:00
0.7473,2016-06-21 17:00
0.7473,2016-06-21 16:00
0.7472,2016-06-21 15:00
0.7472,2016-06-21 14:00
0.7472,2016-06-21 13:00
0.7472,2016-06-21 12:00
0.7471,2016-06-21 11:00
0.7471,2016-06-21 10:00
0.7471,2016-06-21 09:00
0.7471,2016-06-21 08:00
0.7470,2016-06-21 07:00
0.7470,2016-06-21 06:00
0.7470,2016-06-21 05:00
0.7469,2016-06-21 04:00
0.7469,2016-06-21 03:00
0.7468,2016-06-21 02:00
0.7468,2016-06-21 01:00
0.7468,2016-06-21 00:00
0.7467,2016-06-20 23:00
0.7467,2016-06-20 22:00
0.7466,2016-06-20 21:00
0.7466,2016-06-20 20:00
0.7465,2016-06-20 19:00
0.7465,2016-06-20 18:00
0.7464,2016-06-20 17:00
0.7464,2016-06-20 16:00
0.7463,2016-06-20 15:00
0.7463,2016-06-20 14:00
0.7462,2016-06-20 13:00
0.7462,2016-06-20 12:00
0.7461,2016-06-20 11:00
0.7460,2016-06-20 10:00
0.7460,2016-06-20 09:00
0.7459,2016-06-20 08:00
0.7459,2016-06-20 07:00
0.7458,2016-06-20 06:00
0.7457,2016-06-20 05:00
0.7457,2016-06-20 04:00
0.7456,2016-06-20 03:00
0.7455,2016-06-20 02:00
0.7454,2016-06-20 01:00
0.7454,2016-06-20 00:00
0.7453,2016-06-19 23:00
0.7452,2016-06-19 22:00
0.7451,2016-06-19 21:00
0.7450,2016-06-19 20:00
0.7450,2016-06-19 19:00
0.7449,2016-06-19 18:00
0.7448,2016-06-19 17:00
0.7447,2016-06-19 16:00
0.7446,2016-06-19 15:00
0.7445,2016-06-19 14:00
0.7444,2016-06-19 13:00
0.7443,2016-06-19 12:00
0.7442,2016-06-19 11:00
0.7441,2016-06-19 10:00
0.7440,2016-06-19 09:00
0.7439,2016-06-19 08:00
0.7438,2016-06-19 07:00
0.7437,2016-06-19 06:00
0.7436,2016-06-19 05:00
0.7435,2016-06-19 04:00
0.7434,2016-06-19 03:00
0.7433,2016-06-19 02:00
0.7432,2016-06-19 01:00
0.7431,2016-06-19 00:00
0.7430,2016-06-18 23:00
0.7429,2016-06-18 22:00
0.7427,2016-06-18 21:00
0.7426,2016-06-18 20:00
0.7425,2016-06-18 19:00
0.7424,2016-06-18 18:00
0.7423,2016-06-18 17:00
0.7421,2016-06-18 16:00
0.7420,2016-06-18 15:00
0.7419,2016-06-18 14:00
0.7418,2016-06-18 13:00
0.7416,2016-06-18 12:00
0.7415,2016-06-18 11:00
0.7414,2016-06-18 10:00
0.7412,2016-06-18 09:00
0.7411,2016-06-18 08:00
0.7409,2016-06-18 07:00
0.7408,2016-06-18 06:00
0.7407,2016-06-18 05:00
0.7405,2016-06-18 04:00
0.7404,2016-06-18 03:00
0.7403,2016-06-18 02:00
0.7401,2016-06-18 01:00
0.7400,2016-06-18 00:00
0.7398,2016-06-17 23:00
0.7397,2016-06-17 22:00
0.7396,2016-06-17 21:00
0.7394,2016-06-17 20:00
0.7393,2016-06-17 19:00
0.7392,2016-06-17 18:00
0.7391,2016-06-17 17:00
0.7390,2016-06-17 16:00
0.7389,2016-06-17 15:00
0.7389,2016-06-17 14:00
0.7389,2016-06-17 13:00
0.7389,2016-06-17 12:00
0.7390,2016-06-17 11:00
0.7391,2016-06-17 10:00
0.7393,2016-06-17 09:00
0.7396,2016-06-17 08:00
0.7400,2016-06-17 07:00
0.7406,2016-06-17 06:00
0.7415,2016-06-17 05:00
0.7425,2016-06-17 04:00
0.7440,2016-06-17 03:00
0.7458,2016-06-17 02:00
0.7482,2016-06-17 01:00
0.7512,2016-06-17 00:00
0.7551,2016-06-16 23:00
0.7600,2016-06-16 22:00
0.7661,2016-06-16 21:00
0.7738,2016-06-16 20:00
0.7832,2016-06-16 19:00
0.7949,2016-06-16 18:00
0.8092,2016-06-16 17:00
0.8266,2016-06-16 16:00
0.8478,2016-06-16 15:00
0.8732,2016-06-16 14:00
0.9039,2016-06-16 13:00
0.9405,2016-06-16 12:00
0.9842,2016-06-16 11:00
1.0363,2016-06-16 10:00
1.0981,2016-06-16 09:00
1.1714,2016-06-16 08:00
1.2583,2016-06-16 07:00
1.3611,2016-06-16 06:00
1.4829,2016-06-16 05:00
1.6272,2016-06-16 04:00
1.7980,2016-06-16 03:00
2.0002,2016-06-16 02:00
2.2398,2016-06-16 01:00
2.5234,2016-06-16 00:00
2.8585,2016-06-15 23:00
3.2535,2016-06-15 22:00
3.7168,2016-06-15 21:00
4.2560,2016-06-15 20:00
4.8755,2016-06-15 19:00
5.5730,2016-06-15 18:00
6.3333,2016-06-15 17:00
7.1195,2016-06-15 16:00
7.8636,2016-06-15 15:00
8.4616,2016-06-15 14:00
8.7835,2016-06-15 13:00
8.7098,2016-06-15 12:00
8.1882,2016-06-15 11:00
7.2842,2016-06-15 10:00
6.1799,2016-06-15 09:00
5.0845,2016-06-15 08:00
4.1145,2016-06-15 07:00
3.3087,2016-06-15 06:00
2.7034,2016-06-15 05:00
2.2565,2016-06-15 04:00
1.8527,2016-06-15 03:00
1.4580,2016-06-15 02:00
1.1577,2016-06-15 01:00
1.0272,2016-06-15 00:00
1.0178,2016-06-14 23:00
1.0354,2016-06-14 22:00
1.0387,2016-06-14 21:00
1.0330,2016-06-14 20:00
1.0436,2016-06-14 19:00
1.0796,2016-06-14 18:00
1.1133,2016-06-14 17:00
1.1425,2016-06-14 16:00
1.1642,2016-06-14 15:00
1.1752,2016-06-14 14:00
1.1734,2016-06-14 13:00
1.1589,2016-06-14 12:00
1.1340,2016-06-14 11:00
1.1031,2016-06-14 10:00
1.0698,2016-06-14 09:00
1.0366,2016-06-14 08:00
1.0057,2016-06-14 07:00
0.9805,2016-06-14 06:00
0.9622,2016-06-14 05:00
0.9444,2016-06-14 04:00
0.9122,2016-06-14 03:00
0.8522,2016-06-14 02:00
0.7749,2016-06-14 01:00
0.7281,2016-06-14 00:00
0.7284,2016-06-13 23:00
0.7288,2016-06-13 22:00
0.7294,2016-06-13 21:00
0.7302,2016-06-13 20:00
0.7313,2016-06-13 19:00
0.7326,2016-06-13 18:00
0.7342,2016-06-13 17:00
0.7361,2016-06-13 16:00
0.7384,2016-06-13 15:00
0.7409,2016-06-13 14:00
0.7436,2016-06-13 13:00
0.7464,2016-06-13 12:00
0.7491,2016-06-13 11:00
0.7517,2016-06-13 10:00
0.7538,2016-06-13 09:00
0.7554,2016-06-13 08:00
0.7565,2016-06-13 07:00
0.7571,2016-06-13 06:00
0.7573,2016-06-13 05:00
0.7577,2016-06-13 04:00
0.7585,2016-06-13 03:00
0.7605,2016-06-13 02:00
0.7639,2016-06-13 01:00
0.7690,2016-06-13 00:00
0.7752,2016-06-12 23:00
0.7808,2016-06-12 22:00
0.7836,2016-06-12 21:00
0.7816,2016-06-12 20:00
0.7739,2016-06-12 19:00
0.7632,2016-06-12 18:00
0.7577,2016-06-12 17:00
0.7620,2016-06-12 16:00
0.7688,2016-06-12 15:00
0.7774,2016-06-12 14:00
0.7870,2016-06-12 13:00
0.7977,2016-06-12 12:00
0.8107,2016-06-12 11:00
0.8298,2016-06-12 10:00
0.8575,2016-06-12 09:00
0.8909,2016-06-12 08:00
0.9307,2016-06-12 07:00
0.9776,2016-06-12 06:00
1.0320,2016-06-12 05:00
1.0942,2016-06-12 04:00
1.1641,2016-06-12 03:00
1.2409,2016-06-12 02:00
1.3228,2016-06-12 01:00
1.4073,2016-06-12 00:00
1.4905,2016-06-11 23:00
1.5671,2016-06-11 22:00
1.6314,2016-06-11 21:00
1.6775,2016-06-11 20:00
1.7008,2016-06-11 19:00
1.6985,2016-06-11 18:00
1.6701,2016-06-11 17:00
1.6180,2016-06-11 16:00
1.5485,2016-06-11 15:00
1.4718,2016-06-11 14:00
1.3961,2016-06-11 13:00
1.3231,2016-06-11 12:00
1.2523,2016-06-11 11:00
1.1896,2016-06-11 10:00
1.1362,2016-06-11 09:00
1.0781,2016-06-11 08:00
1.0038,2016-06-11 07:00
0.9234,2016-06-11 06:00
0.8559,2016-06-11 05:00
0.8021,2016-06-11 04:00
0.7562,2016-06-11 03:00
0.7300,2016-06-11 02:00
0.7320,2016-06-11 01:00
0.7347,2016-06-11 00:00
0.7380,2016-06-10 23:00
0.7421,2016-06-10 22:00
0.7470,2016-06-10 21:00
0.7530,2016-06-10 20:00
0.7600,2016-06-10 19:00
0.7681,2016-06-10 18:00
0.7774,2016-06-10 17:00
0.7878,2016-06-10 16:00
0.7994,2016-06-10 15:00
0.8120,2016-06-10 14:00
0.8256,2016-06-10 13:00
0.8399,2016-06-10 12:00
0.8547,2016-06-10 11:00
0.8698,2016-06-10 10:00
0.8850,2016-06-10 09:00
0.9000,2016-06-10 08:00
0.9143,2016-06-10 07:00
0.9275,2016-06-10 06:00
0.9388,2016-06-10 05:00
0.9473,2016-06-10 04:00
0.9522,2016-06-10 03:00
0.9533,2016-06-10 02:00
0.9513,2016-06-10 01:00
0.9476,2016-06-10 00:00
0.9433,2016-06-09 23:00
0.9375,2016-06-09 22:00
0.9273,2016-06-09 21:00
0.9098,2016-06-09 20:00
0.8847,2016-06-09 19:00
0.8571,2016-06-09 18:00
0.8366,2016-06-09 17:00
0.8255,2016-06-09 16:00
0.8135,2016-06-09 15:00
0.7967,2016-06-09 14:00
0.7745,2016-06-09 13:00
0.7561,2016-06-09 12:00
0.7499,2016-06-09 11:00
0.7469,2016-06-09 10:00
0.7421,2016-06-09 09:00
0.7349,2016-06-09 08:00
0.7266,2016-06-09 07:00
0.7219,2016-06-09 06:00
0.7218,2016-06-09 05:00
0.7218,2016-06-09 04:00
0.7217,2016-06-09 03:00
0.7216,2016-06-09 02:00
0.7216,2016-06-09 01:00
0.7215,2016-06-09 00:00
0.7214,2016-06-08 23:00
0.7214,2016-06-08 22:00
0.7213,2016-06-08 21:00
0.7212,2016-06-08 20:00
0.7212,2016-06-08 19:00
0.7211,2016-06-08 18:00
0.7210,2016-06-08 17:00
0.7209,2016-06-08 16:00
0.7208,2016-06-08 15:00
0.7208,2016-06-08 14:00
0.7207,2016-06-08 13:00
0.7206,2016-06-08 12:00
0.7205,2016-06-08 11:00
0.7204,2016-06-08 10:00
0.7203,2016-06-08 09:00
0.7203,2016-06-08 08:00
0.7202,2016-06-08 07:00
0.7201,2016-06-08 06:00
0.7200,2016-06-08 05:00
0.7199,2016-06-08 04:00
0.7198,2016-06-08 03:00
0.7197,2016-06-08 02:00
0.7196,2016-06-08 01:00
0.7195,2016-06-08 00:00
0.7194,2016-06-07 23:00
0.7193,2016-06-07 22:00
0.7192,2016-06-07 21:00
0.7191,2016-06-07 20:00
0.7190,2016-06-07 19:00
0.7189,2016-06-07 18:00
0.7187,2016-06-07 17:00
0.7186,2016-06-07 16:00
0.7185,2016-06-07 15:00
0.7184,2016-06-07 14:00
0.7183,2016-06-07 13:00
0.7182,2016-06-07 12:00
0.7181,2016-06-07 11:00
0.7180,2016-06-07 10:00
0.7179,2016-06-07 09:00
0.7178,2016-06-07 08:00
0.7177,2016-06-07 07:00
0.7176,2016-06-07 06:00
0.7176,2016-06-07 05:00
0.7175,2016-06-07 04:00
0.7175,2016-06-07 03:00
0.7175,2016-06-07 02:00
0.7176,2016-06-07 01:00
0.7177,2016-06-07 00:00
0.7179,2016-06-06 23:00
0.7183,2016-06-06 22:00
0.7187,2016-06-06 21:00
0.7194,2016-06-06 20:00
0.7203,2016-06-06 19:00
0.7215,2016-06-06 18:00
0.7232,2016-06-06 17:00
0.7255,2016-06-06 16:00
0.7285,2016-06-06 15:00
0.7325,2016-06-06 14:00
0.7378,2016-06-06 13:00
0.7445,2016-06-06 12:00
0.7532,2016-06-06 11:00
0.7642,2016-06-06 10:00
0.7780,2016-06-06 09:00
0.7952,2016-06-06 08:00
0.8166,2016-06-06 07:00
0.8427,2016-06-06 06:00
0.8743,2016-06-06 05:00
0.9125,2016-06-06 04:00
0.9579,2016-06-06 03:00
1.0116,2016-06-06 02:00
1.0745,2016-06-06 01:00
1.1473,2016-06-06 00:00
1.2308,2016-06-05 23:00
1.3251,2016-06-05 22:00
1.4301,2016-06-05 21:00
1.5449,2016-06-05 20:00
1.6677,2016-06-05 19:00
1.7958,2016-06-05 18:00
1.9254,2016-06-05 17:00
2.0512,2016-06-05 16:00
2.1667,2016-06-05 15:00
2.2629,2016-06-05 14:00
2.3287,2016-06-05 13:00
2.3525,2016-06-05 12:00
2.3280,2016-06-05 11:00
2.2616,2016-06-05 10:00
2.1753,2016-06-05 09:00
2.0973,2016-06-05 08:00
2.0476,2016-06-05 07:00
2.0335,2016-06-05 06:00
2.0578,2016-06-05 05:00
2.1250,2016-06-05 04:00
2.2347,2016-06-05 03:00
2.3723,2016-06-05 02:00
2.5182,2016-06-05 01:00
2.6806,2016-06-05 00:00
2.8824,2016-06-04 23:00
3.1019,2016-06-04 22:00
3.2906,2016-06-04 21:00
3.4178,2016-06-04 20:00
3.4626,2016-06-04 19:00
3.4101,2016-06-04 18:00
3.2581,2016-06-04 17:00
3.0231,2016-06-04 16:00
2.7362,2016-06-04 15:00
2.4279,2016-06-04 14:00
2.1234,2016-06-04 13:00
1.8571,2016-06-04 12:00
1.6570,2016-06-04 11:00
1.5013,2016-06-04 10:00
1.3267,2016-06-04 09:00
1.1001,2016-06-04 08:00
0.8865,2016-06-04 07:00
0.7645,2016-06-04 06:00
0.7223,2016-06-04 05:00
0.7098,2016-06-04 04:00
0.7065,2016-06-04 03:00
0.7065,2016-06-04 02:00
0.7064,2016-06-04 01:00
0.7063,2016-06-04 00:00
0.7062,2016-06-03 23:00
0.7061,2016-06-03 22:00
0.7060,2016-06-03 21:00
0.7060,2016-06-03 20:00
0.7059,2016-06-03 19:00
0.7058,2016-06-03 18:00
0.7057,2016-06-03 17:00
0.7056,2016-06-03 16:00
0.7055,2016-06-03 15:00
0.7054,2016-06-03 14:00
0.7054,2016-06-03 13:00
0.7053,2016-06-03 12:00
0.7052,2016-06-03 11:00
0.7051,2016-06-03 10:00
0.7050,2016-06-03 09:00
0.7050,2016-06-03 08:00
0.7049,2016-06-03 07:00
0.7049,2016-06-03 06:00
0.7049,2016-06-03 05:00
0.7049,2016-06-03 04:00
0.7049,2016-06-03 03:00
0.7050,2016-06-03 02:00
0.7051,2016-06-03 01:00
0.7053,2016-06-03 00:00
0.7056,2016-06-02 23:00
0.7061,2016-06-02 22:00
0.7068,2016-06-02 21:00
0.7077,2016-06-02 20:00
0.7090,2016-06-02 19:00
0.7107,2016-06-02 18:00
0.7129,2016-06-02 17:00
0.7160,2016-06-02 16:00
0.7199,2016-06-02 15:00
0.7250,2016-06-02 14:00
0.7317,2016-06-02 13:00
0.7401,2016-06-02 12:00
0.7508,2016-06-02 11:00
0.7641,2016-06-02 10:00
0.7806,2016-06-02 09:00
0.8008,2016-06-02 08:00
0.8254,2016-06-02 07:00
0.8548,2016-06-02 06:00
0.8898,2016-06-02 05:00
0.9310,2016-06-02 04:00
0.9789,2016-06-02 03:00
1.0340,2016-06-02 02:00
1.0963,2016-06-02 01:00
1.1657,2016-06-02 00:00
1.2414,2016-06-01 23:00
1.3219,2016-06-01 22:00
1.4049,2016-06-01 21:00
1.4870,2016-06-01 20:00
1.5638,2016-06-01 19:00
1.6307,2016-06-01 18:00
1.6833,2016-06-01 17:00
1.7183,2016-06-01 16:00
1.7352,2016-06-01 15:00
1.7357,2016-06-01 14:00
1.7246,2016-06-01 13:00
1.7078,2016-06-01 12:00
1.6914,2016-06-01 11:00
1.6791,2016-06-01 10:00
1.6721,2016-06-01 09:00
1.6701,2016-06-01 08:00
1.6752,2016-06-01 07:00
1.6933,2016-06-01 06:00
1.7293,2016-06-01 05:00
1.7783,2016-06-01 04:00
1.8268,2016-06-01 03:00
1.8720,2016-06-01 02:00
1.9401,2016-06-01 01:00
2.0747,2016-06-01 00:00
2.2798,2016-05-31 23:00
2.5149,2016-05-31 22:00
2.7538,2016-05-31 21:00
2.9784,2016-05-31 20:00
3.1697,2016-05-31 19:00
3.2989,2016-05-31 18:00
3.3279,2016-05-31 17:00
3.2335,2016-05-31 16:00
3.0138,2016-05-31 15:00
2.6982,2016-05-31 14:00
2.3447,2016-05-31 13:00
2.0151,2016-05-31 12:00
1.7432,2016-05-31 11:00
1.5302,2016-05-31 10:00
1.3621,2016-05-31 09:00
1.2211,2016-05-31 08:00
1.0924,2016-05-31 07:00
0.9797,2016-05-31 06:00
0.8958,2016-05-31 05:00
0.8362,2016-05-31 04:00
0.7985,2016-05-31 03:00
0.7918,2016-05-31 02:00
0.8104,2016-05-31 01:00
0.8323,2016-05-31 00:00
0.8571,2016-05-30 23:00
0.8844,2016-05-30 22:00
0.9132,2016-05-30 21:00
0.9423,2016-05-30 20:00
0.9701,2016-05-30 19:00
0.9945,2016-05-30 18:00
1.0127,2016-05-30 17:00
1.0222,2016-05-30 16:00
1.0218,2016-05-30 15:00
1.0122,2016-05-30 14:00
0.9961,2016-05-30 13:00
0.9780,2016-05-30 12:00
0.9620,2016-05-30 11:00
0.9507,2016-05-30 10:00
0.9436,2016-05-30 09:00
0.9375,2016-05-30 08:00
0.9282,2016-05-30 07:00
0.9138,2016-05-30 06:00
0.8972,2016-05-30 05:00
0.8853,2016-05-30 04:00
0.8826,2016-05-30 03:00
0.8849,2016-05-30 02:00
0.8785,2016-05-30 01:00
0.8514,2016-05-30 00:00
0.8078,2016-05-29 23:00
0.7803,2016-05-29 22:00
0.7931,2016-05-29 21:00
0.8058,2016-05-29 20:00
0.8179,2016-05-29 19:00
0.8290,2016-05-29 18:00
0.8387,2016-05-29 17:00
0.8472,2016-05-29 16:00
0.8545,2016-05-29 15:00
0.8613,2016-05-29 14:00
0.8681,2016-05-29 13:00
0.8756,2016-05-29 12:00
0.8844,2016-05-29 11:00
0.8951,2016-05-29 10:00
0.9082,2016-05-29 09:00
0.9241,2016-05-29 08:00
0.9442,2016-05-29 07:00
0.9700,2016-05-29 06:00
0.9986,2016-05-29 05:00
1.0291,2016-05-29 04:00
1.0595,2016-05-29 03:00
1.0873,2016-05-29 02:00
1.1089,2016-05-29 01:00
1.1204,2016-05-29 00:00
1.1216,2016-05-28 23:00
1.1233,2016-05-28 22:00
1.1402,2016-05-28 21:00
1.1574,2016-05-28 20:00
1.1721,2016-05-28 19:00
1.1839,2016-05-28 18:00
1.1919,2016-05-28 17:00
1.1951,2016-05-28 16:00
1.1927,2016-05-28 15:00
1.1849,2016-05-28 14:00
1.1718,2016-05-28 13:00
1.1526,2016-05-28 12:00
1.1269,2016-05-28 11:00
1.0976,2016-05-28 10:00
1.0706,2016-05-28 09:00
1.0408,2016-05-28 08:00
1.0127,2016-05-28 07:00
0.9897,2016-05-28 06:00
0.9666,2016-05-28 05:00
0.9413,2016-05-28 04:00
0.9163,2016-05-28 03:00
0.8956,2016-05-28 02:00
0.8797,2016-05-28 01:00
0.8641,2016-05-28 00:00
0.8418,2016-05-27 23:00
0.8098,2016-05-27 22:00
0.7775,2016-05-27 21:00
0.7649,2016-05-27 20:00
0.7644,2016-05-27 19:00
0.7650,2016-05-27 18:00
0.7672,2016-05-27 17:00
0.7720,2016-05-27 16:00
0.7796,2016-05-27 15:00
0.7893,2016-05-27 14:00
0.8001,2016-05-27 13:00
0.8108,2016-05-27 12:00
0.8232,2016-05-27 11:00
0.8394,2016-05-27 10:00
0.8627,2016-05-27 09:00
0.8880,2016-05-27 08:00
0.9125,2016-05-27 07:00
0.9352,2016-05-27 06:00
0.9544,2016-05-27 05:00
0.9690,2016-05-27 04:00
0.9780,2016-05-27 03:00
0.9809,2016-05-27 02:00
0.9777,2016-05-27 01:00
0.9693,2016-05-27 00:00
0.9572,2016-05-26 23:00
0.9435,2016-05-26 22:00
0.9295,2016-05-26 21:00
0.9160,2016-05-26 20:00
0.9027,2016-05-26 19:00
0.8892,2016-05-26 18:00
0.8768,2016-05-26 17:00
0.8675,2016-05-26 16:00
0.8621,2016-05-26 15:00
0.8572,2016-05-26 14:00
0.8457,2016-05-26 13:00
0.8232,2016-05-26 12:00
0.7931,2016-05-26 11:00
0.7720,2016-05-26 10:00
0.7634,2016-05-26 09:00
0.7529,2016-05-26 08:00
0.7419,2016-05-26 07:00
0.7318,2016-05-26 06:00
0.7237,2016-05-26 05:00
0.7180,2016-05-26 04:00
0.7146,2016-05-26 03:00
0.7128,2016-05-26 02:00
0.7118,2016-05-26 01:00
0.7111,2016-05-26 00:00
0.7105,2016-05-25 23:00
0.7099,2016-05-25 22:00
0.7092,2016-05-25 21:00
0.7086,2016-05-25 20:00
0.7079,2016-05-25 19:00
0.7066,2016-05-25 18:00
0.7042,2016-05-25 17:00
0.7011,2016-05-25 16:00
0.6979,2016-05-25 15:00
0.6986,2016-05-25 14:00
0.6994,2016-05-25 13:00
0.7002,2016-05-25 12:00
0.7011,2016-05-25 11:00
0.7021,2016-05-25 10:00
0.7031,2016-05-25 09:00
0.7040,2016-05-25 08:00
0.7049,2016-05-25 07:00
0.7058,2016-05-25 06:00
0.7066,2016-05-25 05:00
0.7072,2016-05-25 04:00
0.7076,2016-05-25 03:00
0.7078,2016-05-25 02:00
0.7077,2016-05-25 01:00
0.7074,2016-05-25 00:00
0.7068,2016-05-24 23:00
0.7060,2016-05-24 22:00
0.7050,2016-05-24 21:00
0.7040,2016-05-24 20:00
0.7029,2016-05-24 19:00
0.7017,2016-05-24 18:00
0.7007,2016-05-24 17:00
0.6998,2016-05-24 16:00
0.6993,2016-05-24 15:00
0.6992,2016-05-24 14:00
0.6992,2016-05-24 13:00
0.6993,2016-05-24 12:00
0.6994,2016-05-24 11:00
0.6996,2016-05-24 10:00
0.6997,2016-05-24 09:00
0.6998,2016-05-24 08:00
0.6999,2016-05-24 07:00
0.7001,2016-05-24 06:00
0.7002,2016-05-24 05:00
0.7003,2016-05-24 04:00
0.7005,2016-05-24 03:00
0.7006,2016-05-24 02:00
0.7007,2016-05-24 01:00
0.7008,2016-05-24 00:00
0.7010,2016-05-23 23:00
0.7011,2016-05-23 22:00
0.7012,2016-05-23 21:00
0.7013,2016-05-23 20:00
0.7015,2016-05-23 19:00
0.7016,2016-05-23 18:00
0.7017,2016-05-23 17:00
0.7018,2016-05-23 16:00
0.7020,2016-05-23 15:00
0.7021,2016-05-23 14:00
0.7022,2016-05-23 13:00
0.7023,2016-05-23 12:00
0.7024,2016-05-23 11:00
0.7026,2016-05-23 10:00
0.7027,2016-05-23 09:00
0.7028,2016-05-23 08:00
0.7029,2016-05-23 07:00
0.7030,2016-05-23 06:00
0.7032,2016-05-23 05:00
0.7033,2016-05-23 04:00
0.7034,2016-05-23 03:00
0.7035,2016-05-23 02:00
0.7036,2016-05-23 01:00
0.7038,2016-05-23 00:00
0.7039,2016-05-22 23:00
0.7040,2016-05-22 22:00
0.7041,2016-05-22 21:00
0.7042,2016-05-22 20:00
0.7043,2016-05-22 19:00
0.7044,2016-05-22 18:00
0.7046,2016-05-22 17:00
0.7047,2016-05-22 16:00
0.7048,2016-05-22 15:00
0.7049,2016-05-22 14:00
0.7050,2016-05-22 13:00
0.7051,2016-05-22 12:00
0.7052,2016-05-22 11:00
0.7053,2016-05-22 10:00
0.7054,2016-05-22 09:00
0.7056,2016-05-22 08:00
0.7057,2016-05-22 07:00
0.7058,2016-05-22 06:00
0.7059,2016-05-22 05:00
0.7060,2016-05-22 04:00
0.7061,2016-05-22 03:00
0.7062,2016-05-22 02:00
0.7063,2016-05-22 01:00
0.7064,2016-05-22 00:00
0.7065,2016-05-21 23:00
0.7066,2016-05-21 22:00
0.7067,2016-05-21 21:00
0.7068,2016-05-21 20:00
0.7069,2016-05-21 19:00
0.7070,2016-05-21 18:00
0.7071,2016-05-21 17:00
0.7072,2016-05-21 16:00
0.7073,2016-05-21 15:00
0.7075,2016-05-21 14:00
0.7076,2016-05-21 13:00
0.7077,2016-05-21 12:00
0.7078,2016-05-21 11:00
0.7079,2016-05-21 10:00
0.7079,2016-05-21 09:00
0.7080,2016-05-21 08:00
0.7081,2016-05-21 07:00
0.7082,2016-05-21 06:00
0.7083,2016-05-21 05:00
0.7084,2016-05-21 04:00
0.7085,2016-05-21 03:00
0.7086,2016-05-21 02:00
0.7087,2016-05-21 01:00
0.7088,2016-05-21 00:00
0.7089,2016-05-20 23:00
0.7090,2016-05-20 22:00
0.7091,2016-05-20 21:00
0.7092,2016-05-20 20:00
0.7093,2016-05-20 19:00
0.7094,2016-05-20 18:00
0.7095,2016-05-20 17:00
0.7095,2016-05-20 16:00
0.7096,2016-05-20 15:00
0.7097,2016-05-20 14:00
0.7098,2016-05-20 13:00
0.7099,2016-05-20 12:00
0.7100,2016-05-20 11:00
0.7101,2016-05-20 10:00
0.7102,2016-05-20 09:00
0.7102,2016-05-20 08:00
0.7103,2016-05-20 07:00
0.7104,2016-05-20 06:00
0.7105,2016-05-20 05:00
0.7106,2016-05-20 04:00
0.7107,2016-05-20 03:00
0.7108,2016-05-20 02:00
0.7108,2016-05-20 01:00
0.7109,2016-05-20 00:00
0.7110,2016-05-19 23:00
0.7111,2016-05-19 22:00
0.7112,2016-05-19 21:00
0.7112,2016-05-19 20:00
0.7113,2016-05-19 19:00
0.7114,2016-05-19 18:00
0.7115,2016-05-19 17:00
0.7115,2016-05-19 16:00
0.7116,2016-05-19 15:00
0.7117,2016-05-19 14:00
0.7118,2016-05-19 13:00
0.7118,2016-05-19 12:00
0.7119,2016-05-19 11:00
0.7120,2016-05-19 10:00
0.7121,2016-05-19 09:00
0.7121,2016-05-19 08:00
0.7122,2016-05-19 07:00
0.7123,2016-05-19 06:00
0.7124,2016-05-19 05:00
0.7124,2016-05-19 04:00
0.7125,2016-05-19 03:00
0.7126,2016-05-19 02:00
0.7127,2016-05-19 01:00
0.7127,2016-05-19 00:00
0.7128,2016-05-18 23:00
0.7129,2016-05-18 22:00
0.7130,2016-05-18 21:00
0.7131,2016-05-18 20:00
0.7133,2016-05-18 19:00
0.7134,2016-05-18 18:00
0.7136,2016-05-18 17:00
0.7139,2016-05-18 16:00
0.7142,2016-05-18 15:00
0.7146,2016-05-18 14:00
0.7150,2016-05-18 13:00
0.7156,2016-05-18 12:00
0.7163,2016-05-18 11:00
0.7171,2016-05-18 10:00
0.7180,2016-05-18 09:00
0.7190,2016-05-18 08:00
0.7201,2016-05-18 07:00
0.7212,2016-05-18 06:00
0.7223,2016-05-18 05:00
0.7233,2016-05-18 04:00
0.7241,2016-05-18 03:00
0.7246,2016-05-18 02:00
0.7247,2016-05-18 01:00
0.7244,2016-05-18 00:00
0.7238,2016-05-17 23:00
0.7227,2016-05-17 22:00
0.7213,2016-05-17 21:00
0.7198,2016-05-17 20:00
0.7183,2016-05-17 19:00
0.7170,2016-05-17 18:00
0.7160,2016-05-17 17:00
0.7153,2016-05-17 16:00
0.7149,2016-05-17 15:00
0.7147,2016-05-17 14:00
0.7147,2016-05-17 13:00
0.7147,2016-05-17 12:00
0.7148,2016-05-17 11:00
0.7148,2016-05-17 10:00
0.7149,2016-05-17 09:00
0.7149,2016-05-17 08:00
0.7150,2016-05-17 07:00
0.7150,2016-05-17 06:00
0.7150,2016-05-17 05:00
0.7151,2016-05-17 04:00
0.7151,2016-05-17 03:00
0.7152,2016-05-17 02:00
0.7152,2016-05-17 01:00
0.7152,2016-05-17 00:00
0.7153,2016-05-16 23:00
0.7153,2016-05-16 22:00
0.7153,2016-05-16 21:00
0.7154,2016-05-16 20:00
0.7154,2016-05-16 19:00
0.7154,2016-05-16 18:00
0.7155,2016-05-16 17:00
0.7155,2016-05-16 16:00
0.7155,2016-05-16 15:00
0.7156,2016-05-16 14:00
0.7156,2016-05-16 13:00
0.7156,2016-05-16 12:00
0.7157,2016-05-16 11:00
0.7157,2016-05-16 10:00
0.7157,2016-05-16 09:00
0.7157,2016-05-16 08:00
0.7158,2016-05-16 07:00
0.7158,2016-05-16 06:00
0.7158,2016-05-16 05:00
0.7158,2016-05-16 04:00
0.7159,2016-05-16 03:00
0.7159,2016-05-16 02:00
0.7159,2016-05-16 01:00
0.7159,2016-05-16 00:00
0.7160,2016-05-15 23:00
0.7160,2016-05-15 22:00
0.7160,2016-05-15 21:00
0.7161,2016-05-15 20:00
0.7161,2016-05-15 19:00
0.7161,2016-05-15 18:00
0.7162,2016-05-15 17:00
0.7163,2016-05-15 16:00
0.7164,2016-05-15 15:00
0.7165,2016-05-15 14:00
0.7167,2016-05-15 13:00
0.7169,2016-05-15 12:00
0.7173,2016-05-15 11:00
0.7177,2016-05-15 10:00
0.7184,2016-05-15 09:00
0.7192,2016-05-15 08:00
0.7204,2016-05-15 07:00
0.7219,2016-05-15 06:00
0.7239,2016-05-15 05:00
0.7264,2016-05-15 04:00
0.7297,2016-05-15 03:00
0.7337,2016-05-15 02:00
0.7387,2016-05-15 01:00
0.7446,2016-05-15 00:00
0.7516,2016-05-14 23:00
0.7595,2016-05-14 22:00
0.7683,2016-05-14 21:00
0.7778,2016-05-14 20:00
0.7877,2016-05-14 19:00
0.7978,2016-05-14 18:00
0.8077,2016-05-14 17:00
0.8171,2016-05-14 16:00
0.8255,2016-05-14 15:00
0.8327,2016-05-14 14:00
0.8384,2016-05-14 13:00
0.8423,2016-05-14 12:00
0.8442,2016-05-14 11:00
0.8440,2016-05-14 10:00
0.8418,2016-05-14 09:00
0.8377,2016-05-14 08:00
0.8320,2016-05-14 07:00
0.8250,2016-05-14 06:00
0.8171,2016-05-14 05:00
0.8088,2016-05-14 04:00
0.8006,2016-05-14 03:00
0.7932,2016-05-14 02:00
0.7868,2016-05-14 01:00
0.7801,2016-05-14 00:00
0.7707,2016-05-13 23:00
0.7565,2016-05-13 22:00
0.7389,2016-05-13 21:00
0.7251,2016-05-13 20:00
0.7176,2016-05-13 19:00
0.7163,2016-05-13 18:00
0.7163,2016-05-13 17:00
0.7164,2016-05-13 16:00
0.7164,2016-05-13 15:00
0.7164,2016-05-13 14:00
0.7164,2016-05-13 13:00
0.7164,2016-05-13 12:00
0.7164,2016-05-13 11:00
0.7164,2016-05-13 10:00
0.7165,2016-05-13 09:00
0.7165,2016-05-13 08:00
0.7166,2016-05-13 07:00
0.7167,2016-05-13 06:00
0.7168,2016-05-13 05:00
0.7169,2016-05-13 04:00
0.7171,2016-05-13 03:00
0.7174,2016-05-13 02:00
0.7177,2016-05-13 01:00
0.7180,2016-05-13 00:00
0.7185,2016-05-12 23:00
0.7190,2016-05-12 22:00
0.7195,2016-05-12 21:00
0.7202,2016-05-12 20:00
0.7208,2016-05-12 19:00
0.7216,2016-05-12 18:00
0.7223,2016-05-12 17:00
0.7231,2016-05-12 16:00
0.7240,2016-05-12 15:00
0.7248,2016-05-12 14:00
0.7256,2016-05-12 13:00
0.7264,2016-05-12 12:00
0.7271,2016-05-12 11:00
0.7275,2016-05-12 10:00
0.7278,2016-05-12 09:00
0.7278,2016-05-12 08:00
0.7275,2016-05-12 07:00
0.7272,2016-05-12 06:00
0.7267,2016-05-12 05:00
0.7263,2016-05-12 04:00
0.7260,2016-05-12 03:00
0.7257,2016-05-12 02:00
0.7254,2016-05-12 01:00
0.7250,2016-05-12 00:00
0.7243,2016-05-11 23:00
0.7232,2016-05-11 22:00
0.7222,2016-05-11 21:00
0.7227,2016-05-11 20:00
0.7251,2016-05-11 19:00
0.7284,2016-05-11 18:00
0.7326,2016-05-11 17:00
0.7380,2016-05-11 16:00
0.7449,2016-05-11 15:00
0.7535,2016-05-11 14:00
0.7641,2016-05-11 13:00
0.7769,2016-05-11 12:00
0.7921,2016-05-11 11:00
0.8099,2016-05-11 10:00
0.8305,2016-05-11 09:00
0.8538,2016-05-11 08:00
0.8798,2016-05-11 07:00
0.9083,2016-05-11 06:00
0.9392,2016-05-11 05:00
0.9720,2016-05-11 04:00
1.0063,2016-05-11 03:00
1.0414,2016-05-11 02:00
1.0765,2016-05-11 01:00
1.1105,2016-05-11 00:00
1.1424,2016-05-10 23:00
1.1707,2016-05-10 22:00
1.1940,2016-05-10 21:00
1.2112,2016-05-10 20:00
1.2211,2016-05-10 19:00
1.2232,2016-05-10 18:00
1.2174,2016-05-10 17:00
1.2047,2016-05-10 16:00
1.1865,2016-05-10 15:00
1.1638,2016-05-10 14:00
1.1359,2016-05-10 13:00
1.1004,2016-05-10 12:00
1.0563,2016-05-10 11:00
1.0114,2016-05-10 10:00
0.9769,2016-05-10 09:00
0.9502,2016-05-10 08:00
0.9232,2016-05-10 07:00
0.8936,2016-05-10 06:00
0.8642,2016-05-10 05:00
0.8353,2016-05-10 04:00
0.8044,2016-05-10 03:00
0.7753,2016-05-10 02:00
0.7536,2016-05-10 01:00
0.7437,2016-05-10 00:00
0.7415,2016-05-09 23:00
0.7389,2016-05-09 22:00
0.7379,2016-05-09 21:00
0.7363,2016-05-09 20:00
0.7356,2016-05-09 19:00
0.7325,2016-05-09 18:00
0.7268,2016-05-09 17:00
0.7200,2016-05-09 16:00
0.7161,2016-05-09 15:00
0.7162,2016-05-09 14:00
0.7162,2016-05-09 13:00
0.7163,2016-05-09 12:00
0.7163,2016-05-09 11:00
0.7164,2016-05-09 10:00
0.7164,2016-05-09 09:00
0.7165,2016-05-09 08:00
0.7165,2016-05-09 07:00
0.7166,2016-05-09 06:00
0.7167,2016-05-09 05:00
0.7167,2016-05-09 04:00
0.7168,2016-05-09 03:00
0.7170,2016-05-09 02:00
0.7171,2016-05-09 01:00
0.7173,2016-05-09 00:00
0.7176,2016-05-08 23:00
0.7179,2016-05-08 22:00
0.7184,2016-05-08 21:00
0.7190,2016-05-08 20:00
0.7197,2016-05-08 19:00
0.7207,2016-05-08 18:00
0.7219,2016-05-08 17:00
0.7234,2016-05-08 16:00
0.7253,2016-05-08 15:00
0.7275,2016-05-08 14:00
0.7301,2016-05-08 13:00
0.7332,2016-05-08 12:00
0.7366,2016-05-08 11:00
0.7405,2016-05-08 10:00
0.7447,2016-05-08 09:00
0.7493,2016-05-08 08:00
0.7542,2016-05-08 07:00
0.7593,2016-05-08 06:00
0.7645,2016-05-08 05:00
0.7696,2016-05-08 04:00
0.7745,2016-05-08 03:00
0.7791,2016-05-08 02:00
0.7831,2016-05-08 01:00
0.7863,2016-05-08 00:00
0.7887,2016-05-07 23:00
0.7901,2016-05-07 22:00
0.7904,2016-05-07 21:00
0.7895,2016-05-07 20:00
0.7876,2016-05-07 19:00
0.7852,2016-05-07 18:00
0.7827,2016-05-07 17:00
0.7802,2016-05-07 16:00
0.7772,2016-05-07 15:00
0.7728,2016-05-07 14:00
0.7666,2016-05-07 13:00
0.7598,2016-05-07 12:00
0.7532,2016-05-07 11:00
0.7510,2016-05-07 10:00
0.7483,2016-05-07 09:00
0.7442,2016-05-07 08:00
0.7371,2016-05-07 07:00
0.7271,2016-05-07 06:00
0.7181,2016-05-07 05:00
0.7181,2016-05-07 04:00
0.7181,2016-05-07 03:00
0.7182,2016-05-07 02:00
0.7182,2016-05-07 01:00
0.7182,2016-05-07 00:00
0.7182,2016-05-06 23:00
0.7183,2016-05-06 22:00
0.7183,2016-05-06 21:00
0.7183,2016-05-06 20:00
0.7183,2016-05-06 19:00
0.7183,2016-05-06 18:00
0.7184,2016-05-06 17:00
0.7184,2016-05-06 16:00
0.7184,2016-05-06 15:00
0.7184,2016-05-06 14:00
0.7184,2016-05-06 13:00
0.7184,2016-05-06 12:00
0.7185,2016-05-06 11:00
0.7185,2016-05-06 10:00
0.7185,2016-05-06 09:00
0.7185,2016-05-06 08:00
0.7185,2016-05-06 07:00
0.7185,2016-05-06 06:00
0.7185,2016-05-06 05:00
0.7185,2016-05-06 04:00
0.7185,2016-05-06 03:00
0.7186,2016-05-06 02:00
0.7186,2016-05-06 01:00
0.7186,2016-05-06 00:00
0.7186,2016-05-05 23:00
0.7186,2016-05-05 22:00
0.7187,2016-05-05 21:00
0.7187,2016-05-05 20:00
0.7188,2016-05-05 19:00
0.7189,2016-05-05 18:00
0.7191,2016-05-05 17:00
0.7193,2016-05-05 16:00
0.7195,2016-05-05 15:00
0.7199,2016-05-05 14:00
0.7204,2016-05-05 13:00
0.7210,2016-05-05 12:00
0.7219,2016-05-05 11:00
0.7229,2016-05-05 10:00
0.7242,2016-05-05 09:00
0.7257,2016-05-05 08:00
0.7275,2016-05-05 07:00
0.7295,2016-05-05 06:00
0.7318,2016-05-05 05:00
0.7342,2016-05-05 04:00
0.7367,2016-05-05 03:00
0.7391,2016-05-05 02:00
0.7413,2016-05-05 01:00
0.7432,2016-05-05 00:00
0.7447,2016-05-04 23:00
0.7456,2016-05-04 22:00
0.7460,2016-05-04 21:00
0.7457,2016-05-04 20:00
0.7450,2016-05-04 19:00
0.7440,2016-05-04 18:00
0.7428,2016-05-04 17:00
0.7417,2016-05-04 16:00
0.7408,2016-05-04 15:00
0.7400,2016-05-04 14:00
0.7393,2016-05-04 13:00
0.7387,2016-05-04 12:00
0.7380,2016-05-04 11:00
0.7374,2016-05-04 10:00
0.7370,2016-05-04 09:00
0.7365,2016-05-04 08:00
0.7354,2016-05-04 07:00
0.7327,2016-05-04 06:00
0.7282,2016-05-04 05:00
0.7222,2016-05-04 04:00
0.7180,2016-05-04 03:00
0.7180,2016-05-04 02:00
0.7179,2016-05-04 01:00
0.7179,2016-05-04 00:00
0.7179,2016-05-03 23:00
0.7179,2016-05-03 22:00
0.7179,2016-05-03 21:00
0.7178,2016-05-03 20:00
0.7179,2016-05-03 19:00
0.7179,2016-05-03 18:00
0.7179,2016-05-03 17:00
0.7180,2016-05-03 16:00
0.7181,2016-05-03 15:00
0.7183,2016-05-03 14:00
0.7186,2016-05-03 13:00
0.7190,2016-05-03 12:00
0.7196,2016-05-03 11:00
0.7204,2016-05-03 10:00
0.7214,2016-05-03 09:00
0.7228,2016-05-03 08:00
0.7247,2016-05-03 07:00
0.7270,2016-05-03 06:00
0.7299,2016-05-03 05:00
0.7334,2016-05-03 04:00
0.7377,2016-05-03 03:00
0.7427,2016-05-03 02:00
0.7483,2016-05-03 01:00
0.7546,2016-05-03 00:00
0.7614,2016-05-02 23:00
0.7684,2016-05-02 22:00
0.7756,2016-05-02 21:00
0.7826,2016-05-02 20:00
0.7892,2016-05-02 19:00
0.7951,2016-05-02 18:00
0.8002,2016-05-02 17:00
0.8043,2016-05-02 16:00
0.8073,2016-05-02 15:00
0.8092,2016-05-02 14:00
0.8101,2016-05-02 13:00
0.8102,2016-05-02 12:00
0.8096,2016-05-02 11:00
0.8088,2016-05-02 10:00
0.8077,2016-05-02 09:00
0.8067,2016-05-02 08:00
0.8058,2016-05-02 07:00
0.8054,2016-05-02 06:00
0.8059,2016-05-02 05:00
0.8079,2016-05-02 04:00
0.8108,2016-05-02 03:00
0.8140,2016-05-02 02:00
0.8181,2016-05-02 01:00
0.8254,2016-05-02 00:00
0.8382,2016-05-01 23:00
0.8577,2016-05-01 22:00
0.8848,2016-05-01 21:00
0.9205,2016-05-01 20:00
0.9606,2016-05-01 19:00
1.0047,2016-05-01 18:00
1.0520,2016-05-01 17:00
1.1017,2016-05-01 16:00
1.1525,2016-05-01 15:00
1.2027,2016-05-01 14:00
1.2505,2016-05-01 13:00
1.2940,2016-05-01 12:00
1.3310,2016-05-01 11:00
1.3594,2016-05-01 10:00
1.3775,2016-05-01 09:00
1.3843,2016-05-01 08:00
1.3801,2016-05-01 07:00
1.3660,2016-05-01 06:00
1.3431,2016-05-01 05:00
1.3121,2016-05-01 04:00
1.2747,2016-05-01 03:00
1.2345,2016-05-01 02:00
1.1934,2016-05-01 01:00
1.1444,2016-05-01 00:00
1.0727,2016-04-30 23:00
0.9759,2016-04-30 22:00
0.8852,2016-04-30 21:00
0.8307,2016-04-30 20:00
0.8033,2016-04-30 19:00
0.7791,2016-04-30 18:00
0.7559,2016-04-30 17:00
0.7381,2016-04-30 16:00
0.7258,2016-04-30 15:00
0.7233,2016-04-30 14:00
0.7221,2016-04-30 13:00
0.7200,2016-04-30 12:00
0.7172,2016-04-30 11:00
0.7145,2016-04-30 10:00
0.7146,2016-04-30 09:00
0.7147,2016-04-30 08:00
0.7148,2016-04-30 07:00
0.7150,2016-04-30 06:00
0.7152,2016-04-30 05:00
0.7155,2016-04-30 04:00
0.7158,2016-04-30 03:00
0.7162,2016-04-30 02:00
0.7167,2016-04-30 01:00
0.7172,2016-04-30 00:00
0.7178,2016-04-29 23:00
0.7184,2016-04-29 22:00
0.7191,2016-04-29 21:00
0.7198,2016-04-29 20:00
0.7204,2016-04-29 19:00
0.7210,2016-04-29 18:00
0.7216,2016-04-29 17:00
0.7222,2016-04-29 16:00
0.7228,2016-04-29 15:00
0.7236,2016-04-29 14:00
0.7246,2016-04-29 13:00
0.7260,2016-04-29 12:00
0.7281,2016-04-29 11:00
0.7309,2016-04-29 10:00
0.7347,2016-04-29 09:00
0.7394,2016-04-29 08:00
0.7451,2016-04-29 07:00
0.7516,2016-04-29 06:00
0.7587,2016-04-29 05:00
0.7662,2016-04-29 04:00
0.7738,2016-04-29 03:00
0.7812,2016-04-29 02:00
0.7883,2016-04-29 01:00
0.7949,2016-04-29 00:00
0.8013,2016-04-28 23:00
0.8083,2016-04-28 22:00
0.8184,2016-04-28 21:00
0.8290,2016-04-28 20:00
0.8401,2016-04-28 19:00
0.8517,2016-04-28 18:00
0.8635,2016-04-28 17:00
0.8751,2016-04-28 16:00
0.8863,2016-04-28 15:00
0.8965,2016-04-28 14:00
0.9053,2016-04-28 13:00
0.9125,2016-04-28 12:00
0.9177,2016-04-28 11:00
0.9202,2016-04-28 10:00
0.9189,2016-04-28 09:00
0.9130,2016-04-28 08:00
0.9035,2016-04-28 07:00
0.8944,2016-04-28 06:00
0.8878,2016-04-28 05:00
0.8798,2016-04-28 04:00
0.8703,2016-04-28 03:00
0.8597,2016-04-28 02:00
0.8485,2016-04-28 01:00
0.8378,2016-04-28 00:00
0.8276,2016-04-27 23:00
0.8154,2016-04-27 22:00
0.7973,2016-04-27 21:00
0.7712,2016-04-27 20:00
0.7435,2016-04-27 19:00
0.7235,2016-04-27 18:00
0.7142,2016-04-27 17:00
0.7143,2016-04-27 16:00
0.7143,2016-04-27 15:00
0.7143,2016-04-27 14:00
0.7143,2016-04-27 13:00
0.7144,2016-04-27 12:00
0.7144,2016-04-27 11:00
0.7144,2016-04-27 10:00
0.7144,2016-04-27 09:00
0.7145,2016-04-27 08:00
0.7145,2016-04-27 07:00
0.7145,2016-04-27 06:00
0.7145,2016-04-27 05:00
0.7146,2016-04-27 04:00
0.7146,2016-04-27 03:00
0.7146,2016-04-27 02:00
0.7146,2016-04-27 01:00
0.7146,2016-04-27 00:00
0.7147,2016-04-26 23:00
0.7147,2016-04-26 22:00
0.7147,2016-04-26 21:00
0.7147,2016-04-26 20:00
0.7147,2016-04-26 19:00
0.7148,2016-04-26 18:00
0.7148,2016-04-26 17:00
0.7148,2016-04-26 16:00
0.7148,2016-04-26 15:00
0.7148,2016-04-26 14:00
0.7148,2016-04-26 13:00
0.7148,2016-04-26 12:00
0.7149,2016-04-26 11:00
0.7149,2016-04-26 10:00
0.7149,2016-04-26 09:00
0.7149,2016-04-26 08:00
0.7149,2016-04-26 07:00
0.7149,2016-04-26 06:00
0.7150,2016-04-26 05:00
0.7150,2016-04-26 04:00
0.7150,2016-04-26 03:00
0.7151,2016-04-26 02:00
0.7151,2016-04-26 01:00
0.7152,2016-04-26 00:00
0.7153,2016-04-25 23:00
0.7155,2016-04-25 22:00
0.7157,2016-04-25 21:00
0.7160,2016-04-25 20:00
0.7163,2016-04-25 19:00
0.7168,2016-04-25 18:00
0.7174,2016-04-25 17:00
0.7182,2016-04-25 16:00
0.7191,2016-04-25 15:00
0.7203,2016-04-25 14:00
0.7217,2016-04-25 13:00
0.7233,2016-04-25 12:00
0.7252,2016-04-25 11:00
0.7272,2016-04-25 10:00
0.7294,2016-04-25 09:00
0.7317,2016-04-25 08:00
0.7340,2016-04-25 07:00
0.7363,2016-04-25 06:00
0.7385,2016-04-25 05:00
0.7405,2016-04-25 04:00
0.7422,2016-04-25 03:00
0.7435,2016-04-25 02:00
0.7443,2016-04-25 01:00
0.7445,2016-04-25 00:00
0.7440,2016-04-24 23:00
0.7428,2016-04-24 22:00
0.7412,2016-04-24 21:00
0.7392,2016-04-24 20:00
0.7372,2016-04-24 19:00
0.7354,2016-04-24 18:00
0.7339,2016-04-24 17:00
0.7329,2016-04-24 16:00
0.7324,2016-04-24 15:00
0.7322,2016-04-24 14:00
0.7318,2016-04-24 13:00
0.7303,2016-04-24 12:00
0.7271,2016-04-24 11:00
0.7220,2016-04-24 10:00
0.7165,2016-04-24 09:00
0.7148,2016-04-24 08:00
0.7148,2016-04-24 07:00
0.7147,2016-04-24 06:00
0.7147,2016-04-24 05:00
0.7147,2016-04-24 04:00
0.7147,2016-04-24 03:00
0.7147,2016-04-24 02:00
0.7147,2016-04-24 01:00
0.7147,2016-04-24 00:00
0.7146,2016-04-23 23:00
0.7146,2016-04-23 22:00
0.7146,2016-04-23 21:00
0.7146,2016-04-23 20:00
0.7146,2016-04-23 19:00
0.7146,2016-04-23 18:00
0.7147,2016-04-23 17:00
0.7147,2016-04-23 16:00
0.7148,2016-04-23 15:00
0.7149,2016-04-23 14:00
0.7151,2016-04-23 13:00
0.7153,2016-04-23 12:00
0.7157,2016-04-23 11:00
0.7162,2016-04-23 10:00
0.7169,2016-04-23 09:00
0.7177,2016-04-23 08:00
0.7189,2016-04-23 07:00
0.7204,2016-04-23 06:00
0.7223,2016-04-23 05:00
0.7246,2016-04-23 04:00
0.7274,2016-04-23 03:00
0.7306,2016-04-23 02:00
0.7344,2016-04-23 01:00
0.7387,2016-04-23 00:00
0.7433,2016-04-22 23:00
0.7484,2016-04-22 22:00
0.7538,2016-04-22 21:00
0.7595,2016-04-22 20:00
0.7654,2016-04-22 19:00
0.7715,2016-04-22 18:00
0.7777,2016-04-22 17:00
0.7839,2016-04-22 16:00
0.7901,2016-04-22 15:00
0.7961,2016-04-22 14:00
0.8019,2016-04-22 13:00
0.8075,2016-04-22 12:00
0.8128,2016-04-22 11:00
0.8175,2016-04-22 10:00
0.8213,2016-04-22 09:00
0.8238,2016-04-22 08:00
0.8250,2016-04-22 07:00
0.8258,2016-04-22 06:00
0.8272,2016-04-22 05:00
0.8291,2016-04-22 04:00
0.8304,2016-04-22 03:00
0.8293,2016-04-22 02:00
0.8246,2016-04-22 01:00
0.8163,2016-04-22 00:00
0.8098,2016-04-21 23:00
0.8068,2016-04-21 22:00
0.8058,2016-04-21 21:00
0.8070,2016-04-21 20:00
0.8094,2016-04-21 19:00
0.8155,2016-04-21 18:00
0.8211,2016-04-21 17:00
0.8251,2016-04-21 16:00
0.8265,2016-04-21 15:00
0.8257,2016-04-21 14:00
0.8255,2016-04-21 13:00
0.8283,2016-04-21 12:00
0.8297,2016-04-21 11:00
0.8298,2016-04-21 10:00
0.8286,2016-04-21 09:00
0.8264,2016-04-21 08:00
0.8234,2016-04-21 07:00
0.8198,2016-04-21 06:00
0.8155,2016-04-21 05:00
0.8102,2016-04-21 04:00
0.8040,2016-04-21 03:00
0.7974,2016-04-21 02:00
0.7913,2016-04-21 01:00
0.7862,2016-04-21 00:00
0.7769,2016-04-20 23:00
0.7636,2016-04-20 22:00
0.7524,2016-04-20 21:00
0.7509,2016-04-20 20:00
0.7556,2016-04-20 19:00
0.7651,2016-04-20 18:00
0.7762,2016-04-20 17:00
0.7894,2016-04-20 16:00
0.8060,2016-04-20 15:00
0.8248,2016-04-20 14:00
0.8458,2016-04-20 13:00
0.8689,2016-04-20 12:00
0.8940,2016-04-20 11:00
0.9205,2016-04-20 10:00
0.9480,2016-04-20 09:00
0.9759,2016-04-20 08:00
1.0033,2016-04-20 07:00
1.0293,2016-04-20 06:00
1.0529,2016-04-20 05:00
1.0730,2016-04-20 04:00
1.0888,2016-04-20 03:00
1.0996,2016-04-20 02:00
1.1055,2016-04-20 01:00
1.1067,2016-04-20 00:00
1.1034,2016-04-19 23:00
1.0954,2016-04-19 22:00
1.0815,2016-04-19 21:00
1.0602,2016-04-19 20:00
1.0305,2016-04-19 19:00
0.9941,2016-04-19 18:00
0.9559,2016-04-19 17:00
0.9203,2016-04-19 16:00
0.8858,2016-04-19 15:00
0.8527,2016-04-19 14:00
0.8205,2016-04-19 13:00
0.7869,2016-04-19 12:00
0.7605,2016-04-19 11:00
0.7484,2016-04-19 10:00
0.7446,2016-04-19 09:00
0.7401,2016-04-19 08:00
0.7343,2016-04-19 07:00
0.7275,2016-04-19 06:00
0.7215,2016-04-19 05:00
0.7171,2016-04-19 04:00
0.7160,2016-04-19 03:00
0.7151,2016-04-19 02:00
0.7152,2016-04-19 01:00
0.7153,2016-04-19 00:00
0.7155,2016-04-18 23:00
0.7156,2016-04-18 22:00
0.7157,2016-04-18 21:00
0.7158,2016-04-18 20:00
0.7159,2016-04-18 19:00
0.7160,2016-04-18 18:00
0.7161,2016-04-18 17:00
0.7163,2016-04-18 16:00
0.7164,2016-04-18 15:00
0.7165,2016-04-18 14:00
0.7166,2016-04-18 13:00
0.7167,2016-04-18 12:00
0.7168,2016-04-18 11:00
0.7169,2016-04-18 10:00
0.7171,2016-04-18 09:00
0.7172,2016-04-18 08:00
0.7173,2016-04-18 07:00
0.7174,2016-04-18 06:00
0.7175,2016-04-18 05:00
0.7176,2016-04-18 04:00
0.7177,2016-04-18 03:00
0.7178,2016-04-18 02:00
0.7179,2016-04-18 01:00
0.7180,2016-04-18 00:00
0.7182,2016-04-17 23:00
0.7183,2016-04-17 22:00
0.7184,2016-04-17 21:00
0.7185,2016-04-17 20:00
0.7186,2016-04-17 19:00
0.7187,2016-04-17 18:00
0.7188,2016-04-17 17:00
0.7189,2016-04-17 16:00
0.7190,2016-04-17 15:00
0.7191,2016-04-17 14:00
0.7192,2016-04-17 13:00
0.7193,2016-04-17 12:00
0.7194,2016-04-17 11:00
0.7196,2016-04-17 10:00
0.7197,2016-04-17 09:00
0.7198,2016-04-17 08:00
0.7199,2016-04-17 07:00
0.7200,2016-04-17 06:00
0.7201,2016-04-17 05:00
0.7202,2016-04-17 04:00
0.7203,2016-04-17 03:00
0.7204,2016-04-17 02:00
0.7205,2016-04-17 01:00
0.7206,2016-04-17 00:00
0.7207,2016-04-16 23:00
0.7208,2016-04-16 22:00
0.7209,2016-04-16 21:00
0.7210,2016-04-16 20:00
0.7211,2016-04-16 19:00
0.7212,2016-04-16 18:00
0.7213,2016-04-16 17:00
0.7214,2016-04-16 16:00
0.7215,2016-04-16 15:00
0.7216,2016-04-16 14:00
0.7217,2016-04-16 13:00
0.7218,2016-04-16 12:00
0.7219,2016-04-16 11:00
0.7220,2016-04-16 10:00
0.7221,2016-04-16 09:00
0.7222,2016-04-16 08:00
0.7223,2016-04-16 07:00
0.7224,2016-04-16 06:00
0.7225,2016-04-16 05:00
0.7226,2016-04-16 04:00
0.7227,2016-04-16 03:00
0.7228,2016-04-16 02:00
0.7229,2016-04-16 01:00
0.7230,2016-04-16 00:00
0.7231,2016-04-15 23:00
0.7232,2016-04-15 22:00
0.7233,2016-04-15 21:00
0.7233,2016-04-15 20:00
0.7234,2016-04-15 19:00
0.7235,2016-04-15 18:00
0.7236,2016-04-15 17:00
0.7237,2016-04-15 16:00
0.7238,2016-04-15 15:00
0.7239,2016-04-15 14:00
0.7240,2016-04-15 13:00
0.7241,2016-04-15 12:00
0.7242,2016-04-15 11:00
0.7243,2016-04-15 10:00
0.7244,2016-04-15 09:00
0.7244,2016-04-15 08:00
0.7245,2016-04-15 07:00
0.7246,2016-04-15 06:00
0.7247,2016-04-15 05:00
0.7248,2016-04-15 04:00
0.7249,2016-04-15 03:00
0.7250,2016-04-15 02:00
0.7251,2016-04-15 01:00
0.7252,2016-04-15 00:00
0.7252,2016-04-14 23:00
0.7253,2016-04-14 22:00
0.7254,2016-04-14 21:00
0.7255,2016-04-14 20:00
0.7256,2016-04-14 19:00
0.7257,2016-04-14 18:00
0.7257,2016-04-14 17:00
0.7258,2016-04-14 16:00
0.7259,2016-04-14 15:00
0.7260,2016-04-14 14:00
0.7261,2016-04-14 13:00
0.7262,2016-04-14 12:00
0.7262,2016-04-14 11:00
0.7263,2016-04-14 10:00
0.7264,2016-04-14 09:00
0.7265,2016-04-14 08:00
0.7266,2016-04-14 07:00
0.7267,2016-04-14 06:00
0.7267,2016-04-14 05:00
0.7268,2016-04-14 04:00
0.7269,2016-04-14 03:00
0.7270,2016-04-14 02:00
0.7270,2016-04-14 01:00
0.7271,2016-04-14 00:00
0.7272,2016-04-13 23:00
0.7273,2016-04-13 22:00
0.7274,2016-04-13 21:00
0.7274,2016-04-13 20:00
0.7275,2016-04-13 19:00
0.7276,2016-04-13 18:00
0.7277,2016-04-13 17:00
0.7277,2016-04-13 16:00
0.7278,2016-04-13 15:00
0.7279,2016-04-13 14:00
0.7280,2016-04-13 13:00
0.7280,2016-04-13 12:00
0.7281,2016-04-13 11:00
0.7282,2016-04-13 10:00
0.7282,2016-04-13 09:00
0.7283,2016-04-13 08:00
0.7284,2016-04-13 07:00
0.7285,2016-04-13 06:00
0.7285,2016-04-13 05:00
0.7286,2016-04-13 04:00
0.7287,2016-04-13 03:00
0.7287,2016-04-13 02:00
0.7288,2016-04-13 01:00
0.7289,2016-04-13 00:00
0.7289,2016-04-12 23:00
0.7290,2016-04-12 22:00
0.7291,2016-04-12 21:00
0.7292,2016-04-12 20:00
0.7292,2016-04-12 19:00
0.7293,2016-04-12 18:00
0.7294,2016-04-12 17:00
0.7294,2016-04-12 16:00
0.7295,2016-04-12 15:00
0.7296,2016-04-12 14:00
0.7297,2016-04-12 13:00
0.7298,2016-04-12 12:00
0.7299,2016-04-12 11:00
0.7300,2016-04-12 10:00
0.7301,2016-04-12 09:00
0.7303,2016-04-12 08:00
0.7305,2016-04-12 07:00
0.7308,2016-04-12 06:00
0.7311,2016-04-12 05:00
0.7316,2016-04-12 04:00
0.7321,2016-04-12 03:00
0.7328,2016-04-12 02:00
0.7337,2016-04-12 01:00
0.7348,2016-04-12 00:00
0.7361,2016-04-11 23:00
0.7376,2016-04-11 22:00
0.7394,2016-04-11 21:00
0.7414,2016-04-11 20:00
0.7436,2016-04-11 19:00
0.7459,2016-04-11 18:00
0.7483,2016-04-11 17:00
0.7507,2016-04-11 16:00
0.7531,2016-04-11 15:00
0.7552,2016-04-11 14:00
0.7571,2016-04-11 13:00
0.7588,2016-04-11 12:00
0.7600,2016-04-11 11:00
0.7609,2016-04-11 10:00
0.7614,2016-04-11 09:00
0.7616,2016-04-11 08:00
0.7615,2016-04-11 07:00
0.7611,2016-04-11 06:00
0.7605,2016-04-11 05:00
0.7595,2016-04-11 04:00
0.7582,2016-04-11 03:00
0.7565,2016-04-11 02:00
0.7547,2016-04-11 01:00
0.7530,2016-04-11 00:00
0.7514,2016-04-10 23:00
0.7496,2016-04-10 22:00
0.7471,2016-04-10 21:00
0.7435,2016-04-10 20:00
0.7390,2016-04-10 19:00
0.7362,2016-04-10 18:00
0.7334,2016-04-10 17:00
0.7322,2016-04-10 16:00
0.7322,2016-04-10 15:00
0.7323,2016-04-10 14:00
0.7324,2016-04-10 13:00
0.7324,2016-04-10 12:00
0.7325,2016-04-10 11:00
0.7325,2016-04-10 10:00
0.7326,2016-04-10 09:00
0.7327,2016-04-10 08:00
0.7328,2016-04-10 07:00
0.7328,2016-04-10 06:00
0.7329,2016-04-10 05:00
0.7331,2016-04-10 04:00
0.7332,2016-04-10 03:00
0.7334,2016-04-10 02:00
0.7336,2016-04-10 01:00
0.7338,2016-04-10 00:00
0.7341,2016-04-09 23:00
0.7344,2016-04-09 22:00
0.7348,2016-04-09 21:00
0.7352,2016-04-09 20:00
0.7357,2016-04-09 19:00
0.7362,2016-04-09 18:00
0.7368,2016-04-09 17:00
0.7375,2016-04-09 16:00
0.7382,2016-04-09 15:00
0.7389,2016-04-09 14:00
0.7397,2016-04-09 13:00
0.7406,2016-04-09 12:00
0.7416,2016-04-09 11:00
0.7427,2016-04-09 10:00
0.7440,2016-04-09 09:00
0.7454,2016-04-09 08:00
0.7469,2016-04-09 07:00
0.7485,2016-04-09 06:00
0.7501,2016-04-09 05:00
0.7517,2016-04-09 04:00
0.7532,2016-04-09 03:00
0.7545,2016-04-09 02:00
0.7557,2016-04-09 01:00
0.7570,2016-04-09 00:00
0.7582,2016-04-08 23:00
0.7593,2016-04-08 22:00
0.7599,2016-04-08 21:00
0.7600,2016-04-08 20:00
0.7595,2016-04-08 19:00
0.7586,2016-04-08 18:00
0.7584,2016-04-08 17:00
0.7578,2016-04-08 16:00
0.7570,2016-04-08 15:00
0.7560,2016-04-08 14:00
0.7547,2016-04-08 13:00
0.7533,2016-04-08 12:00
0.7519,2016-04-08 11:00
0.7506,2016-04-08 10:00
0.7497,2016-04-08 09:00
0.7488,2016-04-08 08:00
0.7476,2016-04-08 07:00
0.7456,2016-04-08 06:00
0.7429,2016-04-08 05:00
0.7409,2016-04-08 04:00
0.7400,2016-04-08 03:00
0.7396,2016-04-08 02:00
0.7406,2016-04-08 01:00
0.7417,2016-04-08 00:00
0.7430,2016-04-07 23:00
0.7443,2016-04-07 22:00
0.7459,2016-04-07 21:00
0.7475,2016-04-07 20:00
0.7494,2016-04-07 19:00
0.7514,2016-04-07 18:00
0.7538,2016-04-07 17:00
0.7564,2016-04-07 16:00
0.7595,2016-04-07 15:00
0.7629,2016-04-07 14:00
0.7667,2016-04-07 13:00
0.7710,2016-04-07 12:00
0.7756,2016-04-07 11:00
0.7806,2016-04-07 10:00
0.7859,2016-04-07 09:00
0.7915,2016-04-07 08:00
0.7972,2016-04-07 07:00
0.8028,2016-04-07 06:00
0.8082,2016-04-07 05:00
0.8129,2016-04-07 04:00
0.8171,2016-04-07 03:00
0.8206,2016-04-07 02:00
0.8240,2016-04-07 01:00
0.8267,2016-04-07 00:00
0.8288,2016-04-06 23:00
0.8297,2016-04-06 22:00
0.8290,2016-04-06 21:00
0.8263,2016-04-06 20:00
0.8222,2016-04-06 19:00
0.8183,2016-04-06 18:00
0.8173,2016-04-06 17:00
0.8157,2016-04-06 16:00
0.8137,2016-04-06 15:00
0.8112,2016-04-06 14:00
0.8082,2016-04-06 13:00
0.8051,2016-04-06 12:00
0.8018,2016-04-06 11:00
0.7986,2016-04-06 10:00
0.7943,2016-04-06 09:00
0.7877,2016-04-06 08:00
0.7807,2016-04-06 07:00
0.7774,2016-04-06 06:00
0.7751,2016-04-06 05:00
0.7733,2016-04-06 04:00
0.7708,2016-04-06 03:00
0.7680,2016-04-06 02:00
0.7648,2016-04-06 01:00
0.7617,2016-04-06 00:00
0.7591,2016-04-05 23:00
0.7564,2016-04-05 22:00
0.7526,2016-04-05 21:00
0.7473,2016-04-05 20:00
0.7413,2016-04-05 19:00
0.7380,2016-04-05 18:00
0.7373,2016-04-05 17:00
0.7373,2016-04-05 16:00
0.7374,2016-04-05 15:00
0.7375,2016-04-05 14:00
0.7376,2016-04-05 13:00
0.7377,2016-04-05 12:00
0.7378,2016-04-05 11:00
0.7379,2016-04-05 10:00
0.7381,2016-04-05 09:00
0.7383,2016-04-05 08:00
0.7386,2016-04-05 07:00
0.7389,2016-04-05 06:00
0.7392,2016-04-05 05:00
0.7397,2016-04-05 04:00
0.7402,2016-04-05 03:00
0.7408,2016-04-05 02:00
0.7415,2016-04-05 01:00
0.7422,2016-04-05 00:00
0.7431,2016-04-04 23:00
0.7439,2016-04-04 22:00
0.7448,2016-04-04 21:00
0.7457,2016-04-04 20:00
0.7466,2016-04-04 19:00
0.7474,2016-04-04 18:00
0.7481,2016-04-04 17:00
0.7486,2016-04-04 16:00
0.7489,2016-04-04 15:00
0.7490,2016-04-04 14:00
0.7489,2016-04-04 13:00
0.7486,2016-04-04 12:00
0.7480,2016-04-04 11:00
0.7473,2016-04-04 10:00
0.7464,2016-04-04 09:00
0.7454,2016-04-04 08:00
0.7443,2016-04-04 07:00
0.7432,2016-04-04 06:00
0.7424,2016-04-04 05:00
0.7418,2016-04-04 04:00
0.7414,2016-04-04 03:00
0.7408,2016-04-04 02:00
0.7400,2016-04-04 01:00
0.7392,2016-04-04 00:00
0.7393,2016-04-03 23:00
0.7394,2016-04-03 22:00
0.7396,2016-04-03 21:00
0.7398,2016-04-03 20:00
0.7401,2016-04-03 19:00
0.7404,2016-04-03 18:00
0.7408,2016-04-03 17:00
0.7413,2016-04-03 16:00
0.7419,2016-04-03 15:00
0.7426,2016-04-03 14:00
0.7435,2016-04-03 13:00
0.7444,2016-04-03 12:00
0.7455,2016-04-03 11:00
0.7466,2016-04-03 10:00
0.7478,2016-04-03 09:00
0.7490,2016-04-03 08:00
0.7502,2016-04-03 07:00
0.7513,2016-04-03 06:00
0.7524,2016-04-03 05:00
0.7534,2016-04-03 04:00
0.7543,2016-04-03 03:00
0.7553,2016-04-03 02:00
0.7562,2016-04-03 01:00
0.7572,2016-04-03 00:00
0.7584,2016-04-02 23:00
0.7598,2016-04-02 22:00
0.7615,2016-04-02 21:00
0.7635,2016-04-02 20:00
0.7658,2016-04-02 19:00
0.7686,2016-04-02 18:00
0.7720,2016-04-02 17:00
0.7761,2016-04-02 16:00
0.7812,2016-04-02 15:00
0.7869,2016-04-02 14:00
0.7929,2016-04-02 13:00
0.7985,2016-04-02 12:00
0.8037,2016-04-02 11:00
0.8086,2016-04-02 10:00
0.8149,2016-04-02 09:00
0.8206,2016-04-02 08:00
0.8255,2016-04-02 07:00
0.8294,2016-04-02 06:00
0.8324,2016-04-02 05:00
0.8343,2016-04-02 04:00
0.8349,2016-04-02 03:00
0.8342,2016-04-02 02:00
0.8319,2016-04-02 01:00
0.8282,2016-04-02 00:00
0.8230,2016-04-01 23:00
0.8169,2016-04-01 22:00
0.8105,2016-04-01 21:00
0.8043,2016-04-01 20:00
0.7981,2016-04-01 19:00
0.7917,2016-04-01 18:00
0.7846,2016-04-01 17:00
0.7775,2016-04-01 16:00
0.7707,2016-04-01 15:00
0.7661,2016-04-01 14:00
0.7634,2016-04-01 13:00
0.7611,2016-04-01 12:00
0.7603,2016-04-01 11:00
0.7615,2016-04-01 10:00
0.7637,2016-04-01 09:00
0.7655,2016-04-01 08:00
0.7665,2016-04-01 07:00
0.7666,2016-04-01 06:00
0.7655,2016-04-01 05:00
0.7633,2016-04-01 04:00
0.7605,2016-04-01 03:00
0.7574,2016-04-01 02:00
0.7535,2016-04-01 01:00
0.7490,2016-04-01 00:00
