Q,dt
2.7831,2016-12-01 00:00
2.7536,2016-11-30 23:00
2.7276,2016-11-30 22:00
2.7078,2016-11-30 21:00
2.6930,2016-11-30 20:00
2.6813,2016-11-30 19:00
2.6733,2016-11-30 18:00
2.6684,2016-11-30 17:00
2.6660,2016-11-30 16:00
2.6670,2016-11-30 15:00
2.6696,2016-11-30 14:00
2.6731,2016-11-30 13:00
2.6778,2016-11-30 12:00
2.6841,2016-11-30 11:00
2.6922,2016-11-30 10:00
2.7026,2016-11-30 09:00
2.7156,2016-11-30 08:00
2.7317,2016-11-30 07:00
2.7511,2016-11-30 06:00
2.7742,2016-11-30 05:00
2.8010,2016-11-30 04:00
2.8313,2016-11-30 03:00
2.8649,2016-11-30 02:00
2.9009,2016-11-30 01:00
2.9385,2016-11-30 00:00
2.9761,2016-11-29 23:00
3.0124,2016-11-29 22:00
3.0455,2016-11-29 21:00
3.0737,2016-11-29 20:00
3.0959,2016-11-29 19:00
3.1112,2016-11-29 18:00
3.1196,2016-11-29 17:00
3.1219,2016-11-29 16:00
3.1199,2016-11-29 15:00
3.1157,2016-11-29 14:00
3.1121,2016-11-29 13:00
3.1123,2016-11-29 12:00
3.1196,2016-11-29 11:00
3.1373,2016-11-29 10:00
3.1681,2016-11-29 09:00
3.2140,2016-11-29 08:00
3.2751,2016-11-29 07:00
3.3502,2016-11-29 06:00
3.4361,2016-11-29 05:00
3.5275,2016-11-29 04:00
3.6180,2016-11-29 03:00
3.7034,2016-11-29 02:00
3.7891,2016-11-29 01:00
3.8927,2016-11-29 00:00
4.0124,2016-11-28 23:00
4.1245,2016-11-28 22:00
4.2144,2016-11-28 21:00
4.2721,2016-11-28 20:00
4.2908,2016-11-28 19:00
4.2675,2016-11-28 18:00
4.2038,2016-11-28 17:00
4.1064,2016-11-28 16:00
3.9862,2016-11-28 15:00
3.8560,2016-11-28 14:00
3.7280,2016-11-28 13:00
3.6122,2016-11-28 12:00
3.5143,2016-11-28 11:00
3.4355,2016-11-28 10:00
3.3722,2016-11-28 09:00
3.3170,2016-11-28 08:00
3.2585,2016-11-28 07:00
3.1827,2016-11-28 06:00
3.0773,2016-11-28 05:00
2.9431,2016-11-28 04:00
2.8082,2016-11-28 03:00
2.7082,2016-11-28 02:00
2.6603,2016-11-28 01:00
2.6505,2016-11-28 00:00
2.6490,2016-11-27 23:00
2.6490,2016-11-27 22:00
2.6490,2016-11-27 21:00
2.6489,2016-11-27 20:00
2.6489,2016-11-27 19:00
2.6489,2016-11-27 18:00
2.6489,2016-11-27 17:00
2.6489,2016-11-27 16:00
2.6489,2016-11-27 15:00
2.6488,2016-11-27 14:00
2.6488,2016-11-27 13:00
2.6488,2016-11-27 12:00
2.6488,2016-11-27 11:00
2.6487,2016-11-27 10:00
2.6487,2016-11-27 09:00
2.6487,2016-11-27 08:00
2.6486,2016-11-27 07:00
2.6486,2016-11-27 06:00
2.6486,2016-11-27 05:00
2.6485,2016-11-27 04:00
2.6485,2016-11-27 03:00
2.6485,2016-11-27 02:00
2.6484,2016-11-27 01:00
2.6484,2016-11-27 00:00
2.6483,2016-11-26 23:00
2.6483,2016-11-26 22:00
2.6483,2016-11-26 21:00
2.6482,2016-11-26 20:00
2.6482,2016-11-26 19:00
2.6481,2016-11-26 18:00
2.6481,2016-11-26 17:00
2.6480,2016-11-26 16:00
2.6480,2016-11-26 15:00
2.6479,2016-11-26 14:00
2.6478,2016-11-26 13:00
2.6478,2016-11-26 12:00
2.6477,2016-11-26 11:00
2.6477,2016-11-26 10:00
2.6476,2016-11-26 09:00
2.6475,2016-11-26 08:00
2.6475,2016-11-26 07:00
2.6474,2016-11-26 06:00
2.6473,2016-11-26 05:00
2.6473,2016-11-26 04:00
2.6472,2016-11-26 03:00
2.6471,2016-11-26 02:00
2.6470,2016-11-26 01:00
2.6470,2016-11-26 00:00
2.6469,2016-11-25 23:00
2.6468,2016-11-25 22:00
2.6468,2016-11-25 21:00
2.6467,2016-11-25 20:00
2.6466,2016-11-25 19:00
2.6465,2016-11-25 18:00
2.6465,2016-11-25 17:00
2.6464,2016-11-25 16:00
2.6464,2016-11-25 15:00
2.6464,2016-11-25 14:00
2.6464,2016-11-25 13:00
2.6464,2016-11-25 12:00
2.6465,2016-11-25 11:00
2.6467,2016-11-25 10:00
2.6470,2016-11-25 09:00
2.6475,2016-11-25 08:00
2.6481,2016-11-25 07:00
2.6490,2016-11-25 06:00
2.6504,2016-11-25 05:00
2.6522,2016-11-25 04:00
2.6547,2016-11-25 03:00
2.6581,2016-11-25 02:00
2.6626,2016-11-25 01:00
2.6685,2016-11-25 00:00
2.6763,2016-11-24 23:00
2.6863,2016-11-24 22:00
2.6989,2016-11-24 21:00
2.7147,2016-11-24 20:00
2.7342,2016-11-24 19:00
2.7579,2016-11-24 18:00
2.7863,2016-11-24 17:00
2.8198,2016-11-24 16:00
2.8588,2016-11-24 15:00
2.9035,2016-11-24 14:00
2.9540,2016-11-24 13:00
3.0102,2016-11-24 12:00
3.0719,2016-11-24 11:00
3.1388,2016-11-24 10:00
3.2100,2016-11-24 09:00
3.2850,2016-11-24 08:00
3.3626,2016-11-24 07:00
3.4417,2016-11-24 06:00
3.5209,2016-11-24 05:00
3.5988,2016-11-24 04:00
3.6736,2016-11-24 03:00
3.7435,2016-11-24 02:00
3.8064,2016-11-24 01:00
3.8600,2016-11-24 00:00
3.9020,2016-11-23 23:00
3.9304,2016-11-23 22:00
3.9441,2016-11-23 21:00
3.9425,2016-11-23 20:00
3.9258,2016-11-23 19:00
3.8943,2016-11-23 18:00
3.8476,2016-11-23 17:00
3.7859,2016-11-23 16:00
3.7121,2016-11-23 15:00
3.6305,2016-11-23 14:00
3.5460,2016-11-23 13:00
3.4643,2016-11-23 12:00
3.3871,2016-11-23 11:00
3.3145,2016-11-23 10:00
3.2447,2016-11-23 09:00
3.1745,2016-11-23 08:00
3.1048,2016-11-23 07:00
3.0415,2016-11-23 06:00
2.9884,2016-11-23 05:00
2.9385,2016-11-23 04:00
2.8868,2016-11-23 03:00
2.8324,2016-11-23 02:00
2.7793,2016-11-23 01:00
2.7345,2016-11-23 00:00
2.7035,2016-11-22 23:00
2.6848,2016-11-22 22:00
2.6750,2016-11-22 21:00
2.6678,2016-11-22 20:00
2.6623,2016-11-22 19:00
2.6573,2016-11-22 18:00
2.6527,2016-11-22 17:00
2.6493,2016-11-22 16:00
2.6477,2016-11-22 15:00
2.6474,2016-11-22 14:00
2.6476,2016-11-22 13:00
2.6478,2016-11-22 12:00
2.6480,2016-11-22 11:00
2.6482,2016-11-22 10:00
2.6484,2016-11-22 09:00
2.6486,2016-11-22 08:00
2.6488,2016-11-22 07:00
2.6490,2016-11-22 06:00
2.6492,2016-11-22 05:00
2.6495,2016-11-22 04:00
2.6497,2016-11-22 03:00
2.6499,2016-11-22 02:00
2.6501,2016-11-22 01:00
2.6503,2016-11-22 00:00
2.6505,2016-11-21 23:00
2.6507,2016-11-21 22:00
2.6509,2016-11-21 21:00
2.6511,2016-11-21 20:00
2.6513,2016-11-21 19:00
2.6515,2016-11-21 18:00
2.6517,2016-11-21 17:00
2.6519,2016-11-21 16:00
2.6521,2016-11-21 15:00
2.6523,2016-11-21 14:00
2.6525,2016-11-21 13:00
2.6527,2016-11-21 12:00
2.6528,2016-11-21 11:00
2.6530,2016-11-21 10:00
2.6532,2016-11-21 09:00
2.6534,2016-11-21 08:00
2.6536,2016-11-21 07:00
2.6538,2016-11-21 06:00
2.6540,2016-11-21 05:00
2.6542,2016-11-21 04:00
2.6544,2016-11-21 03:00
2.6546,2016-11-21 02:00
2.6548,2016-11-21 01:00
2.6550,2016-11-21 00:00
2.6552,2016-11-20 23:00
2.6554,2016-11-20 22:00
2.6556,2016-11-20 21:00
2.6558,2016-11-20 20:00
2.6561,2016-11-20 19:00
2.6564,2016-11-20 18:00
2.6567,2016-11-20 17:00
2.6570,2016-11-20 16:00
2.6574,2016-11-20 15:00
2.6579,2016-11-20 14:00
2.6585,2016-11-20 13:00
2.6593,2016-11-20 12:00
2.6602,2016-11-20 11:00
2.6614,2016-11-20 10:00
2.6628,2016-11-20 09:00
2.6646,2016-11-20 08:00
2.6668,2016-11-20 07:00
2.6695,2016-11-20 06:00
2.6727,2016-11-20 05:00
2.6765,2016-11-20 04:00
2.6810,2016-11-20 03:00
2.6861,2016-11-20 02:00
2.6919,2016-11-20 01:00
2.6984,2016-11-20 00:00
2.7056,2016-11-19 23:00
2.7134,2016-11-19 22:00
2.7217,2016-11-19 21:00
2.7306,2016-11-19 20:00
2.7399,2016-11-19 19:00
2.7495,2016-11-19 18:00
2.7591,2016-11-19 17:00
2.7685,2016-11-19 16:00
2.7774,2016-11-19 15:00
2.7852,2016-11-19 14:00
2.7916,2016-11-19 13:00
2.7960,2016-11-19 12:00
2.7981,2016-11-19 11:00
2.7974,2016-11-19 10:00
2.7939,2016-11-19 09:00
2.7878,2016-11-19 08:00
2.7794,2016-11-19 07:00
2.7694,2016-11-19 06:00
2.7585,2016-11-19 05:00
2.7474,2016-11-19 04:00
2.7366,2016-11-19 03:00
2.7266,2016-11-19 02:00
2.7183,2016-11-19 01:00
2.7126,2016-11-19 00:00
2.7084,2016-11-18 23:00
2.7054,2016-11-18 22:00
2.7028,2016-11-18 21:00
2.6997,2016-11-18 20:00
2.6956,2016-11-18 19:00
2.6899,2016-11-18 18:00
2.6820,2016-11-18 17:00
2.6727,2016-11-18 16:00
2.6662,2016-11-18 15:00
2.6655,2016-11-18 14:00
2.6657,2016-11-18 13:00
2.6659,2016-11-18 12:00
2.6661,2016-11-18 11:00
2.6663,2016-11-18 10:00
2.6665,2016-11-18 09:00
2.6666,2016-11-18 08:00
2.6668,2016-11-18 07:00
2.6670,2016-11-18 06:00
2.6672,2016-11-18 05:00
2.6674,2016-11-18 04:00
2.6676,2016-11-18 03:00
2.6678,2016-11-18 02:00
2.6679,2016-11-18 01:00
2.6681,2016-11-18 00:00
2.6683,2016-11-17 23:00
2.6685,2016-11-17 22:00
2.6687,2016-11-17 21:00
2.6688,2016-11-17 20:00
2.6690,2016-11-17 19:00
2.6692,2016-11-17 18:00
2.6694,2016-11-17 17:00
2.6696,2016-11-17 16:00
2.6697,2016-11-17 15:00
2.6699,2016-11-17 14:00
2.6701,2016-11-17 13:00
2.6703,2016-11-17 12:00
2.6704,2016-11-17 11:00
2.6706,2016-11-17 10:00
2.6708,2016-11-17 09:00
2.6710,2016-11-17 08:00
2.6711,2016-11-17 07:00
2.6713,2016-11-17 06:00
2.6715,2016-11-17 05:00
2.6716,2016-11-17 04:00
2.6718,2016-11-17 03:00
2.6720,2016-11-17 02:00
2.6721,2016-11-17 01:00
2.6723,2016-11-17 00:00
2.6725,2016-11-16 23:00
2.6726,2016-11-16 22:00
2.6728,2016-11-16 21:00
2.6729,2016-11-16 20:00
2.6731,2016-11-16 19:00
2.6733,2016-11-16 18:00
2.6734,2016-11-16 17:00
2.6736,2016-11-16 16:00
2.6737,2016-11-16 15:00
2.6739,2016-11-16 14:00
2.6741,2016-11-16 13:00
2.6742,2016-11-16 12:00
2.6744,2016-11-16 11:00
2.6745,2016-11-16 10:00
2.6747,2016-11-16 09:00
2.6748,2016-11-16 08:00
2.6750,2016-11-16 07:00
2.6751,2016-11-16 06:00
2.6753,2016-11-16 05:00
2.6754,2016-11-16 04:00
2.6756,2016-11-16 03:00
2.6757,2016-11-16 02:00
2.6759,2016-11-16 01:00
2.6760,2016-11-16 00:00
2.6762,2016-11-15 23:00
2.6763,2016-11-15 22:00
2.6764,2016-11-15 21:00
2.6766,2016-11-15 20:00
2.6767,2016-11-15 19:00
2.6769,2016-11-15 18:00
2.6770,2016-11-15 17:00
2.6772,2016-11-15 16:00
2.6773,2016-11-15 15:00
2.6774,2016-11-15 14:00
2.6776,2016-11-15 13:00
2.6777,2016-11-15 12:00
2.6778,2016-11-15 11:00
2.6780,2016-11-15 10:00
2.6781,2016-11-15 09:00
2.6782,2016-11-15 08:00
2.6784,2016-11-15 07:00
2.6785,2016-11-15 06:00
2.6786,2016-11-15 05:00
2.6788,2016-11-15 04:00
2.6789,2016-11-15 03:00
2.6790,2016-11-15 02:00
2.6791,2016-11-15 01:00
2.6793,2016-11-15 00:00
2.6794,2016-11-14 23:00
2.6795,2016-11-14 22:00
2.6796,2016-11-14 21:00
2.6798,2016-11-14 20:00
2.6799,2016-11-14 19:00
2.6800,2016-11-14 18:00
2.6801,2016-11-14 17:00
2.6802,2016-11-14 16:00
2.6804,2016-11-14 15:00
2.6805,2016-11-14 14:00
2.6806,2016-11-14 13:00
2.6807,2016-11-14 12:00
2.6808,2016-11-14 11:00
2.6809,2016-11-14 10:00
2.6810,2016-11-14 09:00
2.6811,2016-11-14 08:00
2.6813,2016-11-14 07:00
2.6814,2016-11-14 06:00
2.6815,2016-11-14 05:00
2.6816,2016-11-14 04:00
2.6817,2016-11-14 03:00
2.6818,2016-11-14 02:00
2.6819,2016-11-14 01:00
2.6820,2016-11-14 00:00
2.6821,2016-11-13 23:00
2.6822,2016-11-13 22:00
2.6823,2016-11-13 21:00
2.6824,2016-11-13 20:00
2.6825,2016-11-13 19:00
2.6826,2016-11-13 18:00
2.6827,2016-11-13 17:00
2.6828,2016-11-13 16:00
2.6829,2016-11-13 15:00
2.6830,2016-11-13 14:00
2.6831,2016-11-13 13:00
2.6832,2016-11-13 12:00
2.6833,2016-11-13 11:00
2.6834,2016-11-13 10:00
2.6834,2016-11-13 09:00
2.6835,2016-11-13 08:00
2.6836,2016-11-13 07:00
2.6837,2016-11-13 06:00
2.6838,2016-11-13 05:00
2.6839,2016-11-13 04:00
2.6840,2016-11-13 03:00
2.6840,2016-11-13 02:00
2.6841,2016-11-13 01:00
2.6842,2016-11-13 00:00
2.6843,2016-11-12 23:00
2.6844,2016-11-12 22:00
2.6844,2016-11-12 21:00
2.6845,2016-11-12 20:00
2.6846,2016-11-12 19:00
2.6847,2016-11-12 18:00
2.6847,2016-11-12 17:00
2.6848,2016-11-12 16:00
2.6849,2016-11-12 15:00
2.6849,2016-11-12 14:00
2.6850,2016-11-12 13:00
2.6851,2016-11-12 12:00
2.6851,2016-11-12 11:00
2.6852,2016-11-12 10:00
2.6853,2016-11-12 09:00
2.6853,2016-11-12 08:00
2.6854,2016-11-12 07:00
2.6855,2016-11-12 06:00
2.6855,2016-11-12 05:00
2.6856,2016-11-12 04:00
2.6856,2016-11-12 03:00
2.6857,2016-11-12 02:00
2.6857,2016-11-12 01:00
2.6858,2016-11-12 00:00
2.6859,2016-11-11 23:00
2.6859,2016-11-11 22:00
2.6860,2016-11-11 21:00
2.6860,2016-11-11 20:00
2.6861,2016-11-11 19:00
2.6861,2016-11-11 18:00
2.6862,2016-11-11 17:00
2.6862,2016-11-11 16:00
2.6862,2016-11-11 15:00
2.6863,2016-11-11 14:00
2.6863,2016-11-11 13:00
2.6864,2016-11-11 12:00
2.6864,2016-11-11 11:00
2.6865,2016-11-11 10:00
2.6865,2016-11-11 09:00
2.6865,2016-11-11 08:00
2.6866,2016-11-11 07:00
2.6866,2016-11-11 06:00
2.6866,2016-11-11 05:00
2.6867,2016-11-11 04:00
2.6867,2016-11-11 03:00
2.6867,2016-11-11 02:00
2.6868,2016-11-11 01:00
2.6868,2016-11-11 00:00
2.6868,2016-11-10 23:00
2.6868,2016-11-10 22:00
2.6869,2016-11-10 21:00
2.6869,2016-11-10 20:00
2.6869,2016-11-10 19:00
2.6869,2016-11-10 18:00
2.6869,2016-11-10 17:00
2.6870,2016-11-10 16:00
2.6870,2016-11-10 15:00
2.6870,2016-11-10 14:00
2.6870,2016-11-10 13:00
2.6870,2016-11-10 12:00
2.6870,2016-11-10 11:00
2.6870,2016-11-10 10:00
2.6871,2016-11-10 09:00
2.6871,2016-11-10 08:00
2.6871,2016-11-10 07:00
2.6871,2016-11-10 06:00
2.6871,2016-11-10 05:00
2.6871,2016-11-10 04:00
2.6871,2016-11-10 03:00
2.6871,2016-11-10 02:00
2.6871,2016-11-10 01:00
2.6871,2016-11-10 00:00
2.6871,2016-11-09 23:00
2.6871,2016-11-09 22:00
2.6871,2016-11-09 21:00
2.6871,2016-11-09 20:00
2.6871,2016-11-09 19:00
2.6871,2016-11-09 18:00
2.6870,2016-11-09 17:00
2.6870,2016-11-09 16:00
2.6870,2016-11-09 15:00
2.6870,2016-11-09 14:00
2.6870,2016-11-09 13:00
2.6870,2016-11-09 12:00
2.6870,2016-11-09 11:00
2.6869,2016-11-09 10:00
2.6869,2016-11-09 09:00
2.6869,2016-11-09 08:00
2.6869,2016-11-09 07:00
2.6868,2016-11-09 06:00
2.6868,2016-11-09 05:00
2.6868,2016-11-09 04:00
2.6868,2016-11-09 03:00
2.6867,2016-11-09 02:00
2.6867,2016-11-09 01:00
2.6867,2016-11-09 00:00
2.6866,2016-11-08 23:00
2.6866,2016-11-08 22:00
2.6866,2016-11-08 21:00
2.6865,2016-11-08 20:00
2.6865,2016-11-08 19:00
2.6864,2016-11-08 18:00
2.6864,2016-11-08 17:00
2.6864,2016-11-08 16:00
2.6863,2016-11-08 15:00
2.6863,2016-11-08 14:00
2.6862,2016-11-08 13:00
2.6862,2016-11-08 12:00
2.6861,2016-11-08 11:00
2.6861,2016-11-08 10:00
2.6860,2016-11-08 09:00
2.6860,2016-11-08 08:00
2.6859,2016-11-08 07:00
2.6859,2016-11-08 06:00
2.6858,2016-11-08 05:00
2.6857,2016-11-08 04:00
2.6857,2016-11-08 03:00
2.6856,2016-11-08 02:00
2.6855,2016-11-08 01:00
2.6855,2016-11-08 00:00
2.6854,2016-11-07 23:00
2.6853,2016-11-07 22:00
2.6853,2016-11-07 21:00
2.6852,2016-11-07 20:00
2.6851,2016-11-07 19:00
2.6851,2016-11-07 18:00
2.6850,2016-11-07 17:00
2.6849,2016-11-07 16:00
2.6848,2016-11-07 15:00
2.6847,2016-11-07 14:00
2.6847,2016-11-07 13:00
2.6846,2016-11-07 12:00
2.6845,2016-11-07 11:00
2.6844,2016-11-07 10:00
2.6843,2016-11-07 09:00
2.6842,2016-11-07 08:00
2.6841,2016-11-07 07:00
2.6840,2016-11-07 06:00
2.6839,2016-11-07 05:00
2.6838,2016-11-07 04:00
2.6837,2016-11-07 03:00
2.6837,2016-11-07 02:00
2.6835,2016-11-07 01:00
2.6834,2016-11-07 00:00
2.6833,2016-11-06 23:00
2.6832,2016-11-06 22:00
2.6831,2016-11-06 21:00
2.6830,2016-11-06 20:00
2.6829,2016-11-06 19:00
2.6828,2016-11-06 18:00
2.6827,2016-11-06 17:00
2.6826,2016-11-06 16:00
2.6825,2016-11-06 15:00
2.6823,2016-11-06 14:00
2.6822,2016-11-06 13:00
2.6821,2016-11-06 12:00
2.6820,2016-11-06 11:00
2.6819,2016-11-06 10:00
2.6817,2016-11-06 09:00
2.6816,2016-11-06 08:00
2.6815,2016-11-06 07:00
2.6813,2016-11-06 06:00
2.6812,2016-11-06 05:00
2.6811,2016-11-06 04:00
2.6809,2016-11-06 03:00
2.6808,2016-11-06 02:00
2.6807,2016-11-06 01:00
2.6805,2016-11-06 00:00
2.6804,2016-11-05 23:00
2.6802,2016-11-05 22:00
2.6801,2016-11-05 21:00
2.6799,2016-11-05 20:00
2.6798,2016-11-05 19:00
2.6796,2016-11-05 18:00
2.6795,2016-11-05 17:00
2.6793,2016-11-05 16:00
2.6792,2016-11-05 15:00
2.6790,2016-11-05 14:00
2.6789,2016-11-05 13:00
2.6787,2016-11-05 12:00
2.6785,2016-11-05 11:00
2.6784,2016-11-05 10:00
2.6782,2016-11-05 09:00
2.6780,2016-11-05 08:00
2.6779,2016-11-05 07:00
2.6777,2016-11-05 06:00
2.6775,2016-11-05 05:00
2.6774,2016-11-05 04:00
2.6772,2016-11-05 03:00
2.6770,2016-11-05 02:00
2.6768,2016-11-05 01:00
2.6766,2016-11-05 00:00
2.6764,2016-11-04 23:00
2.6763,2016-11-04 22:00
2.6761,2016-11-04 21:00
2.6759,2016-11-04 20:00
2.6757,2016-11-04 19:00
2.6755,2016-11-04 18:00
2.6753,2016-11-04 17:00
2.6751,2016-11-04 16:00
2.6749,2016-11-04 15:00
2.6747,2016-11-04 14:00
2.6745,2016-11-04 13:00
2.6743,2016-11-04 12:00
2.6741,2016-11-04 11:00
2.6739,2016-11-04 10:00
2.6737,2016-11-04 09:00
2.6735,2016-11-04 08:00
2.6733,2016-11-04 07:00
2.6730,2016-11-04 06:00
2.6728,2016-11-04 05:00
2.6726,2016-11-04 04:00
2.6724,2016-11-04 03:00
2.6722,2016-11-04 02:00
2.6719,2016-11-04 01:00
2.6717,2016-11-04 00:00
2.6715,2016-11-03 23:00
2.6712,2016-11-03 22:00
2.6710,2016-11-03 21:00
2.6708,2016-11-03 20:00
2.6705,2016-11-03 19:00
2.6703,2016-11-03 18:00
2.6701,2016-11-03 17:00
2.6698,2016-11-03 16:00
2.6696,2016-11-03 15:00
2.6693,2016-11-03 14:00
2.6691,2016-11-03 13:00
2.6688,2016-11-03 12:00
2.6686,2016-11-03 11:00
2.6683,2016-11-03 10:00
2.6681,2016-11-03 09:00
2.6678,2016-11-03 08:00
2.6675,2016-11-03 07:00
2.6673,2016-11-03 06:00
2.6670,2016-11-03 05:00
2.6667,2016-11-03 04:00
2.6665,2016-11-03 03:00
2.6662,2016-11-03 02:00
2.6659,2016-11-03 01:00
2.6657,2016-11-03 00:00
2.6654,2016-11-02 23:00
2.6651,2016-11-02 22:00
2.6648,2016-11-02 21:00
2.6645,2016-11-02 20:00
2.6643,2016-11-02 19:00
2.6640,2016-11-02 18:00
2.6637,2016-11-02 17:00
2.6634,2016-11-02 16:00
2.6631,2016-11-02 15:00
2.6628,2016-11-02 14:00
2.6625,2016-11-02 13:00
2.6622,2016-11-02 12:00
2.6619,2016-11-02 11:00
2.6616,2016-11-02 10:00
2.6613,2016-11-02 09:00
2.6610,2016-11-02 08:00
2.6607,2016-11-02 07:00
2.6603,2016-11-02 06:00
2.6600,2016-11-02 05:00
2.6597,2016-11-02 04:00
2.6594,2016-11-02 03:00
2.6591,2016-11-02 02:00
2.6588,2016-11-02 01:00
2.6584,2016-11-02 00:00
2.6581,2016-11-01 23:00
2.6578,2016-11-01 22:00
2.6575,2016-11-01 21:00
2.6571,2016-11-01 20:00
2.6568,2016-11-01 19:00
2.6565,2016-11-01 18:00
2.6562,2016-11-01 17:00
2.6558,2016-11-01 16:00
2.6555,2016-11-01 15:00
2.6552,2016-11-01 14:00
2.6548,2016-11-01 13:00
2.6545,2016-11-01 12:00
2.6542,2016-11-01 11:00
2.6539,2016-11-01 10:00
2.6535,2016-11-01 09:00
2.6532,2016-11-01 08:00
2.6528,2016-11-01 07:00
2.6525,2016-11-01 06:00
2.6522,2016-11-01 05:00
2.6518,2016-11-01 04:00
2.6515,2016-11-01 03:00
2.6512,2016-11-01 02:00
2.6508,2016-11-01 01:00
2.6505,2016-11-01 00:00
2.6502,2016-10-31 23:00
2.6499,2016-10-31 22:00
2.6496,2016-10-31 21:00
2.6494,2016-10-31 20:00
2.6492,2016-10-31 19:00
2.6490,2016-10-31 18:00
2.6489,2016-10-31 17:00
2.6490,2016-10-31 16:00
2.6491,2016-10-31 15:00
2.6495,2016-10-31 14:00
2.6500,2016-10-31 13:00
2.6508,2016-10-31 12:00
2.6519,2016-10-31 11:00
2.6533,2016-10-31 10:00
2.6551,2016-10-31 09:00
2.6573,2016-10-31 08:00
2.6598,2016-10-31 07:00
2.6627,2016-10-31 06:00
2.6659,2016-10-31 05:00
2.6692,2016-10-31 04:00
2.6725,2016-10-31 03:00
2.6756,2016-10-31 02:00
2.6783,2016-10-31 01:00
2.6803,2016-10-31 00:00
2.6816,2016-10-30 23:00
2.6819,2016-10-30 22:00
2.6812,2016-10-30 21:00
2.6798,2016-10-30 20:00
2.6778,2016-10-30 19:00
2.6753,2016-10-30 18:00
2.6728,2016-10-30 17:00
2.6702,2016-10-30 16:00
2.6678,2016-10-30 15:00
2.6655,2016-10-30 14:00
2.6632,2016-10-30 13:00
2.6610,2016-10-30 12:00
2.6588,2016-10-30 11:00
2.6563,2016-10-30 10:00
2.6533,2016-10-30 09:00
2.6491,2016-10-30 08:00
2.6437,2016-10-30 07:00
2.6380,2016-10-30 06:00
2.6340,2016-10-30 05:00
2.6325,2016-10-30 04:00
2.6320,2016-10-30 03:00
2.6315,2016-10-30 02:00
2.6311,2016-10-30 01:00
2.6306,2016-10-30 00:00
2.6301,2016-10-29 23:00
2.6296,2016-10-29 22:00
2.6292,2016-10-29 21:00
2.6287,2016-10-29 20:00
2.6282,2016-10-29 19:00
2.6277,2016-10-29 18:00
2.6272,2016-10-29 17:00
2.6267,2016-10-29 16:00
2.6262,2016-10-29 15:00
2.6257,2016-10-29 14:00
2.6252,2016-10-29 13:00
2.6247,2016-10-29 12:00
2.6243,2016-10-29 11:00
2.6238,2016-10-29 10:00
2.6233,2016-10-29 09:00
2.6228,2016-10-29 08:00
2.6223,2016-10-29 07:00
2.6218,2016-10-29 06:00
2.6214,2016-10-29 05:00
2.6209,2016-10-29 04:00
2.6205,2016-10-29 03:00
2.6201,2016-10-29 02:00
2.6197,2016-10-29 01:00
2.6193,2016-10-29 00:00
2.6190,2016-10-28 23:00
2.6187,2016-10-28 22:00
2.6185,2016-10-28 21:00
2.6184,2016-10-28 20:00
2.6183,2016-10-28 19:00
2.6184,2016-10-28 18:00
2.6187,2016-10-28 17:00
2.6191,2016-10-28 16:00
2.6198,2016-10-28 15:00
2.6209,2016-10-28 14:00
2.6223,2016-10-28 13:00
2.6242,2016-10-28 12:00
2.6268,2016-10-28 11:00
2.6301,2016-10-28 10:00
2.6345,2016-10-28 09:00
2.6402,2016-10-28 08:00
2.6475,2016-10-28 07:00
2.6568,2016-10-28 06:00
2.6686,2016-10-28 05:00
2.6835,2016-10-28 04:00
2.7023,2016-10-28 03:00
2.7258,2016-10-28 02:00
2.7550,2016-10-28 01:00
2.7913,2016-10-28 00:00
2.8360,2016-10-27 23:00
2.8909,2016-10-27 22:00
2.9579,2016-10-27 21:00
3.0392,2016-10-27 20:00
3.1377,2016-10-27 19:00
3.2561,2016-10-27 18:00
3.3981,2016-10-27 17:00
3.5676,2016-10-27 16:00
3.7691,2016-10-27 15:00
4.0080,2016-10-27 14:00
4.2902,2016-10-27 13:00
4.6225,2016-10-27 12:00
5.0125,2016-10-27 11:00
5.4687,2016-10-27 10:00
6.0000,2016-10-27 09:00
6.6159,2016-10-27 08:00
7.3250,2016-10-27 07:00
8.1342,2016-10-27 06:00
9.0466,2016-10-27 05:00
10.0578,2016-10-27 04:00
11.1517,2016-10-27 03:00
12.2933,2016-10-27 02:00
13.4215,2016-10-27 01:00
14.4413,2016-10-27 00:00
15.2229,2016-10-26 23:00
15.6137,2016-10-26 22:00
15.4758,2016-10-26 21:00
14.7472,2016-10-26 20:00
13.5007,2016-10-26 19:00
11.9484,2016-10-26 18:00
10.3645,2016-10-26 17:00
8.9728,2016-10-26 16:00
7.8761,2016-10-26 15:00
7.0545,2016-10-26 14:00
6.4071,2016-10-26 13:00
5.8049,2016-10-26 12:00
5.1559,2016-10-26 11:00
4.4657,2016-10-26 10:00
3.8116,2016-10-26 09:00
3.2950,2016-10-26 08:00
2.9651,2016-10-26 07:00
2.7870,2016-10-26 06:00
2.6915,2016-10-26 05:00
2.6394,2016-10-26 04:00
2.6195,2016-10-26 03:00
2.6140,2016-10-26 02:00
2.6133,2016-10-26 01:00
2.6128,2016-10-26 00:00
2.6121,2016-10-25 23:00
2.6107,2016-10-25 22:00
2.6081,2016-10-25 21:00
2.6046,2016-10-25 20:00
2.6003,2016-10-25 19:00
2.5969,2016-10-25 18:00
2.5959,2016-10-25 17:00
2.5961,2016-10-25 16:00
2.5964,2016-10-25 15:00
2.5966,2016-10-25 14:00
2.5968,2016-10-25 13:00
2.5971,2016-10-25 12:00
2.5973,2016-10-25 11:00
2.5975,2016-10-25 10:00
2.5978,2016-10-25 09:00
2.5980,2016-10-25 08:00
2.5982,2016-10-25 07:00
2.5985,2016-10-25 06:00
2.5987,2016-10-25 05:00
2.5989,2016-10-25 04:00
2.5992,2016-10-25 03:00
2.5994,2016-10-25 02:00
2.5996,2016-10-25 01:00
2.5999,2016-10-25 00:00
2.6001,2016-10-24 23:00
2.6003,2016-10-24 22:00
2.6005,2016-10-24 21:00
2.6008,2016-10-24 20:00
2.6010,2016-10-24 19:00
2.6012,2016-10-24 18:00
2.6014,2016-10-24 17:00
2.6017,2016-10-24 16:00
2.6019,2016-10-24 15:00
2.6021,2016-10-24 14:00
2.6023,2016-10-24 13:00
2.6026,2016-10-24 12:00
2.6028,2016-10-24 11:00
2.6030,2016-10-24 10:00
2.6032,2016-10-24 09:00
2.6034,2016-10-24 08:00
2.6036,2016-10-24 07:00
2.6039,2016-10-24 06:00
2.6041,2016-10-24 05:00
2.6043,2016-10-24 04:00
2.6045,2016-10-24 03:00
2.6047,2016-10-24 02:00
2.6049,2016-10-24 01:00
2.6051,2016-10-24 00:00
2.6053,2016-10-23 23:00
2.6056,2016-10-23 22:00
2.6058,2016-10-23 21:00
2.6060,2016-10-23 20:00
2.6062,2016-10-23 19:00
2.6064,2016-10-23 18:00
2.6066,2016-10-23 17:00
2.6068,2016-10-23 16:00
2.6070,2016-10-23 15:00
2.6072,2016-10-23 14:00
2.6074,2016-10-23 13:00
2.6076,2016-10-23 12:00
2.6078,2016-10-23 11:00
2.6080,2016-10-23 10:00
2.6082,2016-10-23 09:00
2.6084,2016-10-23 08:00
2.6086,2016-10-23 07:00
2.6088,2016-10-23 06:00
2.6090,2016-10-23 05:00
2.6092,2016-10-23 04:00
2.6094,2016-10-23 03:00
2.6096,2016-10-23 02:00
2.6098,2016-10-23 01:00
2.6100,2016-10-23 00:00
2.6102,2016-10-22 23:00
2.6103,2016-10-22 22:00
2.6105,2016-10-22 21:00
2.6107,2016-10-22 20:00
2.6109,2016-10-22 19:00
2.6111,2016-10-22 18:00
2.6113,2016-10-22 17:00
2.6115,2016-10-22 16:00
2.6117,2016-10-22 15:00
2.6118,2016-10-22 14:00
2.6120,2016-10-22 13:00
2.6122,2016-10-22 12:00
2.6124,2016-10-22 11:00
2.6126,2016-10-22 10:00
2.6127,2016-10-22 09:00
2.6129,2016-10-22 08:00
2.6131,2016-10-22 07:00
2.6133,2016-10-22 06:00
2.6134,2016-10-22 05:00
2.6136,2016-10-22 04:00
2.6138,2016-10-22 03:00
2.6140,2016-10-22 02:00
2.6141,2016-10-22 01:00
2.6143,2016-10-22 00:00
2.6145,2016-10-21 23:00
2.6147,2016-10-21 22:00
2.6148,2016-10-21 21:00
2.6150,2016-10-21 20:00
2.6152,2016-10-21 19:00
2.6153,2016-10-21 18:00
2.6155,2016-10-21 17:00
2.6157,2016-10-21 16:00
2.6158,2016-10-21 15:00
2.6160,2016-10-21 14:00
2.6161,2016-10-21 13:00
2.6163,2016-10-21 12:00
2.6165,2016-10-21 11:00
2.6166,2016-10-21 10:00
2.6168,2016-10-21 09:00
2.6169,2016-10-21 08:00
2.6171,2016-10-21 07:00
2.6172,2016-10-21 06:00
2.6174,2016-10-21 05:00
2.6175,2016-10-21 04:00
2.6177,2016-10-21 03:00
2.6179,2016-10-21 02:00
2.6180,2016-10-21 01:00
2.6181,2016-10-21 00:00
2.6183,2016-10-20 23:00
2.6184,2016-10-20 22:00
2.6186,2016-10-20 21:00
2.6187,2016-10-20 20:00
2.6189,2016-10-20 19:00
2.6190,2016-10-20 18:00
2.6192,2016-10-20 17:00
2.6193,2016-10-20 16:00
2.6194,2016-10-20 15:00
2.6196,2016-10-20 14:00
2.6197,2016-10-20 13:00
2.6199,2016-10-20 12:00
2.6200,2016-10-20 11:00
2.6201,2016-10-20 10:00
2.6203,2016-10-20 09:00
2.6204,2016-10-20 08:00
2.6205,2016-10-20 07:00
2.6207,2016-10-20 06:00
2.6208,2016-10-20 05:00
2.6209,2016-10-20 04:00
2.6211,2016-10-20 03:00
2.6212,2016-10-20 02:00
2.6213,2016-10-20 01:00
2.6214,2016-10-20 00:00
2.6216,2016-10-19 23:00
2.6217,2016-10-19 22:00
2.6218,2016-10-19 21:00
2.6219,2016-10-19 20:00
2.6221,2016-10-19 19:00
2.6222,2016-10-19 18:00
2.6223,2016-10-19 17:00
2.6224,2016-10-19 16:00
2.6226,2016-10-19 15:00
2.6227,2016-10-19 14:00
2.6228,2016-10-19 13:00
2.6230,2016-10-19 12:00
2.6232,2016-10-19 11:00
2.6234,2016-10-19 10:00
2.6236,2016-10-19 09:00
2.6238,2016-10-19 08:00
2.6241,2016-10-19 07:00
2.6245,2016-10-19 06:00
2.6249,2016-10-19 05:00
2.6254,2016-10-19 04:00
2.6260,2016-10-19 03:00
2.6267,2016-10-19 02:00
2.6276,2016-10-19 01:00
2.6286,2016-10-19 00:00
2.6297,2016-10-18 23:00
2.6311,2016-10-18 22:00
2.6325,2016-10-18 21:00
2.6341,2016-10-18 20:00
2.6357,2016-10-18 19:00
2.6374,2016-10-18 18:00
2.6391,2016-10-18 17:00
2.6406,2016-10-18 16:00
2.6420,2016-10-18 15:00
2.6432,2016-10-18 14:00
2.6441,2016-10-18 13:00
2.6447,2016-10-18 12:00
2.6449,2016-10-18 11:00
2.6447,2016-10-18 10:00
2.6442,2016-10-18 09:00
2.6434,2016-10-18 08:00
2.6424,2016-10-18 07:00
2.6413,2016-10-18 06:00
2.6401,2016-10-18 05:00
2.6389,2016-10-18 04:00
2.6378,2016-10-18 03:00
2.6368,2016-10-18 02:00
2.6359,2016-10-18 01:00
2.6350,2016-10-18 00:00
2.6341,2016-10-17 23:00
2.6331,2016-10-17 22:00
2.6320,2016-10-17 21:00
2.6306,2016-10-17 20:00
2.6296,2016-10-17 19:00
2.6290,2016-10-17 18:00
2.6282,2016-10-17 17:00
2.6274,2016-10-17 16:00
2.6269,2016-10-17 15:00
2.6270,2016-10-17 14:00
2.6270,2016-10-17 13:00
2.6271,2016-10-17 12:00
2.6272,2016-10-17 11:00
2.6273,2016-10-17 10:00
2.6274,2016-10-17 09:00
2.6275,2016-10-17 08:00
2.6276,2016-10-17 07:00
2.6277,2016-10-17 06:00
2.6279,2016-10-17 05:00
2.6281,2016-10-17 04:00
2.6284,2016-10-17 03:00
2.6288,2016-10-17 02:00
2.6293,2016-10-17 01:00
2.6299,2016-10-17 00:00
2.6306,2016-10-16 23:00
2.6316,2016-10-16 22:00
2.6327,2016-10-16 21:00
2.6341,2016-10-16 20:00
2.6357,2016-10-16 19:00
2.6376,2016-10-16 18:00
2.6397,2016-10-16 17:00
2.6421,2016-10-16 16:00
2.6445,2016-10-16 15:00
2.6471,2016-10-16 14:00
2.6497,2016-10-16 13:00
2.6522,2016-10-16 12:00
2.6544,2016-10-16 11:00
2.6562,2016-10-16 10:00
2.6576,2016-10-16 09:00
2.6583,2016-10-16 08:00
2.6585,2016-10-16 07:00
2.6579,2016-10-16 06:00
2.6568,2016-10-16 05:00
2.6552,2016-10-16 04:00
2.6533,2016-10-16 03:00
2.6511,2016-10-16 02:00
2.6490,2016-10-16 01:00
2.6468,2016-10-16 00:00
2.6447,2016-10-15 23:00
2.6425,2016-10-15 22:00
2.6402,2016-10-15 21:00
2.6379,2016-10-15 20:00
2.6358,2016-10-15 19:00
2.6339,2016-10-15 18:00
2.6317,2016-10-15 17:00
2.6298,2016-10-15 16:00
2.6289,2016-10-15 15:00
2.6287,2016-10-15 14:00
2.6287,2016-10-15 13:00
2.6287,2016-10-15 12:00
2.6287,2016-10-15 11:00
2.6287,2016-10-15 10:00
2.6288,2016-10-15 09:00
2.6288,2016-10-15 08:00
2.6288,2016-10-15 07:00
2.6288,2016-10-15 06:00
2.6288,2016-10-15 05:00
2.6288,2016-10-15 04:00
2.6288,2016-10-15 03:00
2.6288,2016-10-15 02:00
2.6288,2016-10-15 01:00
2.6288,2016-10-15 00:00
2.6288,2016-10-14 23:00
2.6288,2016-10-14 22:00
2.6288,2016-10-14 21:00
2.6288,2016-10-14 20:00
2.6288,2016-10-14 19:00
2.6289,2016-10-14 18:00
2.6290,2016-10-14 17:00
2.6291,2016-10-14 16:00
2.6293,2016-10-14 15:00
2.6295,2016-10-14 14:00
2.6298,2016-10-14 13:00
2.6303,2016-10-14 12:00
2.6310,2016-10-14 11:00
2.6320,2016-10-14 10:00
2.6333,2016-10-14 09:00
2.6350,2016-10-14 08:00
2.6375,2016-10-14 07:00
2.6407,2016-10-14 06:00
2.6450,2016-10-14 05:00
2.6506,2016-10-14 04:00
2.6578,2016-10-14 03:00
2.6670,2016-10-14 02:00
2.6786,2016-10-14 01:00
2.6929,2016-10-14 00:00
2.7102,2016-10-13 23:00
2.7308,2016-10-13 22:00
2.7548,2016-10-13 21:00
2.7823,2016-10-13 20:00
2.8129,2016-10-13 19:00
2.8462,2016-10-13 18:00
2.8814,2016-10-13 17:00
2.9174,2016-10-13 16:00
2.9527,2016-10-13 15:00
2.9856,2016-10-13 14:00
3.0144,2016-10-13 13:00
3.0370,2016-10-13 12:00
3.0516,2016-10-13 11:00
3.0570,2016-10-13 10:00
3.0525,2016-10-13 09:00
3.0381,2016-10-13 08:00
3.0152,2016-10-13 07:00
2.9856,2016-10-13 06:00
2.9521,2016-10-13 05:00
2.9175,2016-10-13 04:00
2.8849,2016-10-13 03:00
2.8562,2016-10-13 02:00
2.8325,2016-10-13 01:00
2.8131,2016-10-13 00:00
2.7962,2016-10-12 23:00
2.7796,2016-10-12 22:00
2.7610,2016-10-12 21:00
2.7391,2016-10-12 20:00
2.7136,2016-10-12 19:00
2.6878,2016-10-12 18:00
2.6724,2016-10-12 17:00
2.6731,2016-10-12 16:00
2.6831,2016-10-12 15:00
2.6969,2016-10-12 14:00
2.7128,2016-10-12 13:00
2.7308,2016-10-12 12:00
2.7506,2016-10-12 11:00
2.7718,2016-10-12 10:00
2.7937,2016-10-12 09:00
2.8156,2016-10-12 08:00
2.8365,2016-10-12 07:00
2.8555,2016-10-12 06:00
2.8716,2016-10-12 05:00
2.8836,2016-10-12 04:00
2.8909,2016-10-12 03:00
2.8930,2016-10-12 02:00
2.8896,2016-10-12 01:00
2.8811,2016-10-12 00:00
2.8680,2016-10-11 23:00
2.8515,2016-10-11 22:00
2.8328,2016-10-11 21:00
2.8135,2016-10-11 20:00
2.7951,2016-10-11 19:00
2.7788,2016-10-11 18:00
2.7649,2016-10-11 17:00
2.7529,2016-10-11 16:00
2.7415,2016-10-11 15:00
2.7294,2016-10-11 14:00
2.7154,2016-10-11 13:00
2.6990,2016-10-11 12:00
2.6807,2016-10-11 11:00
2.6612,2016-10-11 10:00
2.6467,2016-10-11 09:00
2.6401,2016-10-11 08:00
2.6351,2016-10-11 07:00
2.6299,2016-10-11 06:00
2.6270,2016-10-11 05:00
2.6270,2016-10-11 04:00
2.6270,2016-10-11 03:00
2.6270,2016-10-11 02:00
2.6269,2016-10-11 01:00
2.6269,2016-10-11 00:00
2.6269,2016-10-10 23:00
2.6269,2016-10-10 22:00
2.6269,2016-10-10 21:00
2.6268,2016-10-10 20:00
2.6268,2016-10-10 19:00
2.6268,2016-10-10 18:00
2.6268,2016-10-10 17:00
2.6267,2016-10-10 16:00
2.6267,2016-10-10 15:00
2.6267,2016-10-10 14:00
2.6266,2016-10-10 13:00
2.6266,2016-10-10 12:00
2.6266,2016-10-10 11:00
2.6265,2016-10-10 10:00
2.6265,2016-10-10 09:00
2.6265,2016-10-10 08:00
2.6264,2016-10-10 07:00
2.6264,2016-10-10 06:00
2.6263,2016-10-10 05:00
2.6263,2016-10-10 04:00
2.6262,2016-10-10 03:00
2.6262,2016-10-10 02:00
2.6261,2016-10-10 01:00
2.6261,2016-10-10 00:00
2.6260,2016-10-09 23:00
2.6260,2016-10-09 22:00
2.6259,2016-10-09 21:00
2.6259,2016-10-09 20:00
2.6258,2016-10-09 19:00
2.6258,2016-10-09 18:00
2.6257,2016-10-09 17:00
2.6256,2016-10-09 16:00
2.6256,2016-10-09 15:00
2.6255,2016-10-09 14:00
2.6254,2016-10-09 13:00
2.6254,2016-10-09 12:00
2.6253,2016-10-09 11:00
2.6252,2016-10-09 10:00
2.6252,2016-10-09 09:00
2.6251,2016-10-09 08:00
2.6251,2016-10-09 07:00
2.6250,2016-10-09 06:00
2.6250,2016-10-09 05:00
2.6249,2016-10-09 04:00
2.6249,2016-10-09 03:00
2.6250,2016-10-09 02:00
2.6251,2016-10-09 01:00
2.6252,2016-10-09 00:00
2.6255,2016-10-08 23:00
2.6258,2016-10-08 22:00
2.6264,2016-10-08 21:00
2.6272,2016-10-08 20:00
2.6284,2016-10-08 19:00
2.6300,2016-10-08 18:00
2.6322,2016-10-08 17:00
2.6351,2016-10-08 16:00
2.6390,2016-10-08 15:00
2.6441,2016-10-08 14:00
2.6507,2016-10-08 13:00
2.6589,2016-10-08 12:00
2.6691,2016-10-08 11:00
2.6815,2016-10-08 10:00
2.6961,2016-10-08 09:00
2.7131,2016-10-08 08:00
2.7323,2016-10-08 07:00
2.7535,2016-10-08 06:00
2.7760,2016-10-08 05:00
2.7990,2016-10-08 04:00
2.8216,2016-10-08 03:00
2.8425,2016-10-08 02:00
2.8602,2016-10-08 01:00
2.8734,2016-10-08 00:00
2.8809,2016-10-07 23:00
2.8817,2016-10-07 22:00
2.8757,2016-10-07 21:00
2.8632,2016-10-07 20:00
2.8450,2016-10-07 19:00
2.8226,2016-10-07 18:00
2.7981,2016-10-07 17:00
2.7736,2016-10-07 16:00
2.7513,2016-10-07 15:00
2.7326,2016-10-07 14:00
2.7181,2016-10-07 13:00
2.7065,2016-10-07 12:00
2.6952,2016-10-07 11:00
2.6818,2016-10-07 10:00
2.6659,2016-10-07 09:00
2.6515,2016-10-07 08:00
2.6400,2016-10-07 07:00
2.6291,2016-10-07 06:00
2.6218,2016-10-07 05:00
2.6197,2016-10-07 04:00
2.6197,2016-10-07 03:00
2.6198,2016-10-07 02:00
2.6199,2016-10-07 01:00
2.6201,2016-10-07 00:00
2.6203,2016-10-06 23:00
2.6207,2016-10-06 22:00
2.6213,2016-10-06 21:00
2.6220,2016-10-06 20:00
2.6230,2016-10-06 19:00
2.6242,2016-10-06 18:00
2.6256,2016-10-06 17:00
2.6274,2016-10-06 16:00
2.6294,2016-10-06 15:00
2.6317,2016-10-06 14:00
2.6342,2016-10-06 13:00
2.6369,2016-10-06 12:00
2.6396,2016-10-06 11:00
2.6423,2016-10-06 10:00
2.6449,2016-10-06 09:00
2.6471,2016-10-06 08:00
2.6490,2016-10-06 07:00
2.6503,2016-10-06 06:00
2.6511,2016-10-06 05:00
2.6512,2016-10-06 04:00
2.6507,2016-10-06 03:00
2.6495,2016-10-06 02:00
2.6478,2016-10-06 01:00
2.6456,2016-10-06 00:00
2.6431,2016-10-05 23:00
2.6404,2016-10-05 22:00
2.6377,2016-10-05 21:00
2.6351,2016-10-05 20:00
2.6329,2016-10-05 19:00
2.6311,2016-10-05 18:00
2.6296,2016-10-05 17:00
2.6282,2016-10-05 16:00
2.6269,2016-10-05 15:00
2.6253,2016-10-05 14:00
2.6234,2016-10-05 13:00
2.6211,2016-10-05 12:00
2.6184,2016-10-05 11:00
2.6154,2016-10-05 10:00
2.6133,2016-10-05 09:00
2.6123,2016-10-05 08:00
2.6117,2016-10-05 07:00
2.6115,2016-10-05 06:00
2.6113,2016-10-05 05:00
2.6111,2016-10-05 04:00
2.6108,2016-10-05 03:00
2.6106,2016-10-05 02:00
2.6104,2016-10-05 01:00
2.6102,2016-10-05 00:00
2.6100,2016-10-04 23:00
2.6097,2016-10-04 22:00
2.6095,2016-10-04 21:00
2.6093,2016-10-04 20:00
2.6090,2016-10-04 19:00
2.6088,2016-10-04 18:00
2.6085,2016-10-04 17:00
2.6083,2016-10-04 16:00
2.6081,2016-10-04 15:00
2.6078,2016-10-04 14:00
2.6076,2016-10-04 13:00
2.6073,2016-10-04 12:00
2.6071,2016-10-04 11:00
2.6068,2016-10-04 10:00
2.6066,2016-10-04 09:00
2.6063,2016-10-04 08:00
2.6060,2016-10-04 07:00
2.6058,2016-10-04 06:00
2.6055,2016-10-04 05:00
2.6052,2016-10-04 04:00
2.6050,2016-10-04 03:00
2.6047,2016-10-04 02:00
2.6044,2016-10-04 01:00
2.6042,2016-10-04 00:00
2.6039,2016-10-03 23:00
2.6036,2016-10-03 22:00
2.6033,2016-10-03 21:00
2.6030,2016-10-03 20:00
2.6027,2016-10-03 19:00
2.6024,2016-10-03 18:00
2.6022,2016-10-03 17:00
2.6019,2016-10-03 16:00
2.6016,2016-10-03 15:00
2.6013,2016-10-03 14:00
2.6010,2016-10-03 13:00
2.6007,2016-10-03 12:00
2.6004,2016-10-03 11:00
2.6001,2016-10-03 10:00
2.5997,2016-10-03 09:00
2.5994,2016-10-03 08:00
2.5991,2016-10-03 07:00
2.5988,2016-10-03 06:00
2.5985,2016-10-03 05:00
2.5982,2016-10-03 04:00
2.5978,2016-10-03 03:00
2.5975,2016-10-03 02:00
2.5972,2016-10-03 01:00
2.5968,2016-10-03 00:00
2.5965,2016-10-02 23:00
2.5962,2016-10-02 22:00
2.5958,2016-10-02 21:00
2.5955,2016-10-02 20:00
2.5952,2016-10-02 19:00
2.5948,2016-10-02 18:00
2.5945,2016-10-02 17:00
2.5941,2016-10-02 16:00
2.5938,2016-10-02 15:00
2.5934,2016-10-02 14:00
2.5931,2016-10-02 13:00
2.5927,2016-10-02 12:00
2.5923,2016-10-02 11:00
2.5920,2016-10-02 10:00
2.5916,2016-10-02 09:00
2.5912,2016-10-02 08:00
2.5909,2016-10-02 07:00
2.5905,2016-10-02 06:00
2.5901,2016-10-02 05:00
2.5898,2016-10-02 04:00
2.5894,2016-10-02 03:00
2.5890,2016-10-02 02:00
2.5887,2016-10-02 01:00
2.5883,2016-10-02 00:00
2.5880,2016-10-01 23:00
2.5876,2016-10-01 22:00
2.5873,2016-10-01 21:00
2.5869,2016-10-01 20:00
2.5866,2016-10-01 19:00
2.5863,2016-10-01 18:00
2.5860,2016-10-01 17:00
2.5857,2016-10-01 16:00
2.5854,2016-10-01 15:00
2.5851,2016-10-01 14:00
2.5848,2016-10-01 13:00
2.5846,2016-10-01 12:00
2.5843,2016-10-01 11:00
2.5840,2016-10-01 10:00
2.5838,2016-10-01 09:00
2.5835,2016-10-01 08:00
2.5832,2016-10-01 07:00
2.5830,2016-10-01 06:00
2.5827,2016-10-01 05:00
2.5825,2016-10-01 04:00
2.5822,2016-10-01 03:00
2.5820,2016-10-01 02:00
2.5817,2016-10-01 01:00
2.5815,2016-10-01 00:00
2.5812,2016-09-30 23:00
2.5809,2016-09-30 22:00
2.5807,2016-09-30 21:00
2.5804,2016-09-30 20:00
2.5801,2016-09-30 19:00
2.5799,2016-09-30 18:00
2.5796,2016-09-30 17:00
2.5793,2016-09-30 16:00
2.5790,2016-09-30 15:00
2.5787,2016-09-30 14:00
2.5784,2016-09-30 13:00
2.5781,2016-09-30 12:00
2.5778,2016-09-30 11:00
2.5775,2016-09-30 10:00
2.5772,2016-09-30 09:00
2.5769,2016-09-30 08:00
2.5766,2016-09-30 07:00
2.5763,2016-09-30 06:00
2.5760,2016-09-30 05:00
2.5757,2016-09-30 04:00
2.5753,2016-09-30 03:00
2.5750,2016-09-30 02:00
2.5747,2016-09-30 01:00
2.5743,2016-09-30 00:00
2.5740,2016-09-29 23:00
2.5737,2016-09-29 22:00
2.5733,2016-09-29 21:00
2.5730,2016-09-29 20:00
2.5727,2016-09-29 19:00
2.5724,2016-09-29 18:00
2.5721,2016-09-29 17:00
2.5718,2016-09-29 16:00
2.5715,2016-09-29 15:00
2.5713,2016-09-29 14:00
2.5711,2016-09-29 13:00
2.5709,2016-09-29 12:00
2.5708,2016-09-29 11:00
2.5708,2016-09-29 10:00
2.5708,2016-09-29 09:00
2.5709,2016-09-29 08:00
2.5710,2016-09-29 07:00
2.5711,2016-09-29 06:00
2.5713,2016-09-29 05:00
2.5714,2016-09-29 04:00
2.5714,2016-09-29 03:00
2.5712,2016-09-29 02:00
2.5709,2016-09-29 01:00
2.5703,2016-09-29 00:00
2.5695,2016-09-28 23:00
2.5685,2016-09-28 22:00
2.5674,2016-09-28 21:00
2.5662,2016-09-28 20:00
2.5650,2016-09-28 19:00
2.5640,2016-09-28 18:00
2.5631,2016-09-28 17:00
2.5623,2016-09-28 16:00
2.5617,2016-09-28 15:00
2.5613,2016-09-28 14:00
2.5609,2016-09-28 13:00
2.5606,2016-09-28 12:00
2.5604,2016-09-28 11:00
2.5602,2016-09-28 10:00
2.5600,2016-09-28 09:00
2.5597,2016-09-28 08:00
2.5591,2016-09-28 07:00
2.5583,2016-09-28 06:00
2.5573,2016-09-28 05:00
2.5563,2016-09-28 04:00
2.5557,2016-09-28 03:00
2.5553,2016-09-28 02:00
2.5549,2016-09-28 01:00
2.5545,2016-09-28 00:00
2.5542,2016-09-27 23:00
2.5540,2016-09-27 22:00
2.5538,2016-09-27 21:00
2.5537,2016-09-27 20:00
2.5537,2016-09-27 19:00
2.5538,2016-09-27 18:00
2.5542,2016-09-27 17:00
2.5548,2016-09-27 16:00
2.5556,2016-09-27 15:00
2.5569,2016-09-27 14:00
2.5587,2016-09-27 13:00
2.5610,2016-09-27 12:00
2.5642,2016-09-27 11:00
2.5682,2016-09-27 10:00
2.5735,2016-09-27 09:00
2.5802,2016-09-27 08:00
2.5887,2016-09-27 07:00
2.5994,2016-09-27 06:00
2.6128,2016-09-27 05:00
2.6293,2016-09-27 04:00
2.6498,2016-09-27 03:00
2.6748,2016-09-27 02:00
2.7053,2016-09-27 01:00
2.7423,2016-09-27 00:00
2.7868,2016-09-26 23:00
2.8400,2016-09-26 22:00
2.9034,2016-09-26 21:00
2.9783,2016-09-26 20:00
3.0664,2016-09-26 19:00
3.1693,2016-09-26 18:00
3.2887,2016-09-26 17:00
3.4264,2016-09-26 16:00
3.5839,2016-09-26 15:00
3.7625,2016-09-26 14:00
3.9632,2016-09-26 13:00
4.1859,2016-09-26 12:00
4.4296,2016-09-26 11:00
4.6911,2016-09-26 10:00
4.9649,2016-09-26 09:00
5.2417,2016-09-26 08:00
5.5078,2016-09-26 07:00
5.7443,2016-09-26 06:00
5.9274,2016-09-26 05:00
6.0300,2016-09-26 04:00
6.0262,2016-09-26 03:00
5.8979,2016-09-26 02:00
5.6437,2016-09-26 01:00
5.2849,2016-09-26 00:00
4.8643,2016-09-25 23:00
4.4345,2016-09-25 22:00
4.0413,2016-09-25 21:00
3.7111,2016-09-25 20:00
3.4506,2016-09-25 19:00
3.2538,2016-09-25 18:00
3.1092,2016-09-25 17:00
3.0032,2016-09-25 16:00
2.9217,2016-09-25 15:00
2.8528,2016-09-25 14:00
2.7883,2016-09-25 13:00
2.7221,2016-09-25 12:00
2.6549,2016-09-25 11:00
2.5961,2016-09-25 10:00
2.5580,2016-09-25 09:00
2.5494,2016-09-25 08:00
2.5560,2016-09-25 07:00
2.5641,2016-09-25 06:00
2.5738,2016-09-25 05:00
2.5854,2016-09-25 04:00
2.5992,2016-09-25 03:00
2.6157,2016-09-25 02:00
2.6352,2016-09-25 01:00
2.6583,2016-09-25 00:00
2.6853,2016-09-24 23:00
2.7170,2016-09-24 22:00
2.7540,2016-09-24 21:00
2.7971,2016-09-24 20:00
2.8471,2016-09-24 19:00
2.9049,2016-09-24 18:00
2.9715,2016-09-24 17:00
3.0481,2016-09-24 16:00
3.1361,2016-09-24 15:00
3.2366,2016-09-24 14:00
3.3515,2016-09-24 13:00
3.4822,2016-09-24 12:00
3.6309,2016-09-24 11:00
3.7996,2016-09-24 10:00
3.9906,2016-09-24 09:00
4.2065,2016-09-24 08:00
4.4502,2016-09-24 07:00
4.7248,2016-09-24 06:00
5.0337,2016-09-24 05:00
5.3809,2016-09-24 04:00
5.7703,2016-09-24 03:00
6.2066,2016-09-24 02:00
6.6948,2016-09-24 01:00
7.2404,2016-09-24 00:00
7.8496,2016-09-23 23:00
8.5290,2016-09-23 22:00
9.2866,2016-09-23 21:00
10.1311,2016-09-23 20:00
11.0730,2016-09-23 19:00
12.1249,2016-09-23 18:00
13.3024,2016-09-23 17:00
14.6254,2016-09-23 16:00
16.1192,2016-09-23 15:00
17.8152,2016-09-23 14:00
19.7514,2016-09-23 13:00
21.9715,2016-09-23 12:00
24.5227,2016-09-23 11:00
27.4541,2016-09-23 10:00
30.8149,2016-09-23 09:00
34.6517,2016-09-23 08:00
39.0059,2016-09-23 07:00
43.9106,2016-09-23 06:00
49.3918,2016-09-23 05:00
55.4823,2016-09-23 04:00
62.1862,2016-09-23 03:00
69.2577,2016-09-23 02:00
76.3138,2016-09-23 01:00
82.8355,2016-09-23 00:00
88.0933,2016-09-22 23:00
91.1755,2016-09-22 22:00
91.1115,2016-09-22 21:00
87.1242,2016-09-22 20:00
78.9901,2016-09-22 19:00
67.3980,2016-09-22 18:00
54.0756,2016-09-22 17:00
41.3035,2016-09-22 16:00
30.7201,2016-09-22 15:00
22.6839,2016-09-22 14:00
16.9363,2016-09-22 13:00
12.8577,2016-09-22 12:00
9.6833,2016-09-22 11:00
7.0544,2016-09-22 10:00
4.9678,2016-09-22 09:00
3.7523,2016-09-22 08:00
3.3258,2016-09-22 07:00
3.1751,2016-09-22 06:00
3.0183,2016-09-22 05:00
2.8329,2016-09-22 04:00
2.6646,2016-09-22 03:00
2.5608,2016-09-22 02:00
2.5273,2016-09-22 01:00
2.5302,2016-09-22 00:00
2.5388,2016-09-21 23:00
2.5472,2016-09-21 22:00
2.5549,2016-09-21 21:00
2.5616,2016-09-21 20:00
2.5670,2016-09-21 19:00
2.5710,2016-09-21 18:00
2.5734,2016-09-21 17:00
2.5746,2016-09-21 16:00
2.5745,2016-09-21 15:00
2.5736,2016-09-21 14:00
2.5719,2016-09-21 13:00
2.5696,2016-09-21 12:00
2.5666,2016-09-21 11:00
2.5629,2016-09-21 10:00
2.5583,2016-09-21 09:00
2.5526,2016-09-21 08:00
2.5459,2016-09-21 07:00
2.5381,2016-09-21 06:00
2.5294,2016-09-21 05:00
2.5199,2016-09-21 04:00
2.5098,2016-09-21 03:00
2.4991,2016-09-21 02:00
2.4882,2016-09-21 01:00
2.4775,2016-09-21 00:00
2.4669,2016-09-20 23:00
2.4565,2016-09-20 22:00
2.4477,2016-09-20 21:00
2.4437,2016-09-20 20:00
2.4432,2016-09-20 19:00
2.4428,2016-09-20 18:00
2.4423,2016-09-20 17:00
2.4418,2016-09-20 16:00
2.4413,2016-09-20 15:00
2.4408,2016-09-20 14:00
2.4403,2016-09-20 13:00
2.4398,2016-09-20 12:00
2.4393,2016-09-20 11:00
2.4388,2016-09-20 10:00
2.4383,2016-09-20 09:00
2.4378,2016-09-20 08:00
2.4373,2016-09-20 07:00
2.4368,2016-09-20 06:00
2.4363,2016-09-20 05:00
2.4357,2016-09-20 04:00
2.4352,2016-09-20 03:00
2.4347,2016-09-20 02:00
2.4341,2016-09-20 01:00
2.4336,2016-09-20 00:00
2.4330,2016-09-19 23:00
2.4325,2016-09-19 22:00
2.4319,2016-09-19 21:00
2.4314,2016-09-19 20:00
2.4308,2016-09-19 19:00
2.4303,2016-09-19 18:00
2.4297,2016-09-19 17:00
2.4292,2016-09-19 16:00
2.4286,2016-09-19 15:00
2.4281,2016-09-19 14:00
2.4275,2016-09-19 13:00
2.4270,2016-09-19 12:00
2.4264,2016-09-19 11:00
2.4259,2016-09-19 10:00
2.4254,2016-09-19 09:00
2.4249,2016-09-19 08:00
2.4245,2016-09-19 07:00
2.4241,2016-09-19 06:00
2.4237,2016-09-19 05:00
2.4234,2016-09-19 04:00
2.4231,2016-09-19 03:00
2.4230,2016-09-19 02:00
2.4229,2016-09-19 01:00
2.4230,2016-09-19 00:00
2.4233,2016-09-18 23:00
2.4238,2016-09-18 22:00
2.4246,2016-09-18 21:00
2.4257,2016-09-18 20:00
2.4272,2016-09-18 19:00
2.4292,2016-09-18 18:00
2.4318,2016-09-18 17:00
2.4351,2016-09-18 16:00
2.4393,2016-09-18 15:00
2.4446,2016-09-18 14:00
2.4512,2016-09-18 13:00
2.4594,2016-09-18 12:00
2.4695,2016-09-18 11:00
2.4818,2016-09-18 10:00
2.4967,2016-09-18 09:00
2.5148,2016-09-18 08:00
2.5366,2016-09-18 07:00
2.5627,2016-09-18 06:00
2.5938,2016-09-18 05:00
2.6307,2016-09-18 04:00
2.6745,2016-09-18 03:00
2.7260,2016-09-18 02:00
2.7865,2016-09-18 01:00
2.8572,2016-09-18 00:00
2.9397,2016-09-17 23:00
3.0356,2016-09-17 22:00
3.1468,2016-09-17 21:00
3.2754,2016-09-17 20:00
3.4239,2016-09-17 19:00
3.5951,2016-09-17 18:00
3.7920,2016-09-17 17:00
4.0185,2016-09-17 16:00
4.2787,2016-09-17 15:00
4.5776,2016-09-17 14:00
4.9207,2016-09-17 13:00
5.3148,2016-09-17 12:00
5.7674,2016-09-17 11:00
6.2874,2016-09-17 10:00
6.8851,2016-09-17 09:00
7.5725,2016-09-17 08:00
8.3634,2016-09-17 07:00
9.2735,2016-09-17 06:00
10.3210,2016-09-17 05:00
11.5261,2016-09-17 04:00
12.9116,2016-09-17 03:00
14.5019,2016-09-17 02:00
16.3225,2016-09-17 01:00
18.3980,2016-09-17 00:00
20.7486,2016-09-16 23:00
23.3844,2016-09-16 22:00
26.2949,2016-09-16 21:00
29.4330,2016-09-16 20:00
32.6891,2016-09-16 19:00
35.8542,2016-09-16 18:00
38.5756,2016-09-16 17:00
40.3239,2016-09-16 16:00
40.4291,2016-09-16 15:00
38.2798,2016-09-16 14:00
33.7498,2016-09-16 13:00
27.6390,2016-09-16 12:00
21.5062,2016-09-16 11:00
16.6526,2016-09-16 10:00
13.3536,2016-09-16 09:00
11.1480,2016-09-16 08:00
9.3986,2016-09-16 07:00
7.6538,2016-09-16 06:00
5.7841,2016-09-16 05:00
4.0870,2016-09-16 04:00
2.9550,2016-09-16 03:00
2.4766,2016-09-16 02:00
2.3706,2016-09-16 01:00
2.3702,2016-09-16 00:00
2.3697,2016-09-15 23:00
2.3693,2016-09-15 22:00
2.3689,2016-09-15 21:00
2.3686,2016-09-15 20:00
2.3683,2016-09-15 19:00
2.3681,2016-09-15 18:00
2.3679,2016-09-15 17:00
2.3679,2016-09-15 16:00
2.3681,2016-09-15 15:00
2.3685,2016-09-15 14:00
2.3691,2016-09-15 13:00
2.3701,2016-09-15 12:00
2.3715,2016-09-15 11:00
2.3736,2016-09-15 10:00
2.3763,2016-09-15 09:00
2.3800,2016-09-15 08:00
2.3848,2016-09-15 07:00
2.3912,2016-09-15 06:00
2.3994,2016-09-15 05:00
2.4099,2016-09-15 04:00
2.4232,2016-09-15 03:00
2.4400,2016-09-15 02:00
2.4610,2016-09-15 01:00
2.4871,2016-09-15 00:00
2.5194,2016-09-14 23:00
2.5589,2016-09-14 22:00
2.6071,2016-09-14 21:00
2.6654,2016-09-14 20:00
2.7355,2016-09-14 19:00
2.8193,2016-09-14 18:00
2.9190,2016-09-14 17:00
3.0369,2016-09-14 16:00
3.1755,2016-09-14 15:00
3.3377,2016-09-14 14:00
3.5265,2016-09-14 13:00
3.7452,2016-09-14 12:00
3.9970,2016-09-14 11:00
4.2853,2016-09-14 10:00
4.6128,2016-09-14 09:00
4.9819,2016-09-14 08:00
5.3930,2016-09-14 07:00
5.8443,2016-09-14 06:00
6.3302,2016-09-14 05:00
6.8394,2016-09-14 04:00
7.3525,2016-09-14 03:00
7.8405,2016-09-14 02:00
8.2633,2016-09-14 01:00
8.5714,2016-09-14 00:00
8.7122,2016-09-13 23:00
8.6425,2016-09-13 22:00
8.3456,2016-09-13 21:00
7.8457,2016-09-13 20:00
7.2097,2016-09-13 19:00
6.5300,2016-09-13 18:00
5.8952,2016-09-13 17:00
5.3640,2016-09-13 16:00
4.9548,2016-09-13 15:00
4.6496,2016-09-13 14:00
4.4056,2016-09-13 13:00
4.1669,2016-09-13 12:00
3.8735,2016-09-13 11:00
3.4825,2016-09-13 10:00
3.0211,2016-09-13 09:00
2.6153,2016-09-13 08:00
2.3890,2016-09-13 07:00
2.3285,2016-09-13 06:00
2.3280,2016-09-13 05:00
2.3275,2016-09-13 04:00
2.3270,2016-09-13 03:00
2.3266,2016-09-13 02:00
2.3263,2016-09-13 01:00
2.3260,2016-09-13 00:00
2.3258,2016-09-12 23:00
2.3258,2016-09-12 22:00
2.3259,2016-09-12 21:00
2.3262,2016-09-12 20:00
2.3267,2016-09-12 19:00
2.3275,2016-09-12 18:00
2.3286,2016-09-12 17:00
2.3301,2016-09-12 16:00
2.3321,2016-09-12 15:00
2.3346,2016-09-12 14:00
2.3379,2016-09-12 13:00
2.3420,2016-09-12 12:00
2.3470,2016-09-12 11:00
2.3533,2016-09-12 10:00
2.3610,2016-09-12 09:00
2.3703,2016-09-12 08:00
2.3816,2016-09-12 07:00
2.3951,2016-09-12 06:00
2.4114,2016-09-12 05:00
2.4308,2016-09-12 04:00
2.4538,2016-09-12 03:00
2.4811,2016-09-12 02:00
2.5132,2016-09-12 01:00
2.5509,2016-09-12 00:00
2.5950,2016-09-11 23:00
2.6464,2016-09-11 22:00
2.7060,2016-09-11 21:00
2.7752,2016-09-11 20:00
2.8550,2016-09-11 19:00
2.9469,2016-09-11 18:00
3.0524,2016-09-11 17:00
3.1734,2016-09-11 16:00
3.3118,2016-09-11 15:00
3.4699,2016-09-11 14:00
3.6502,2016-09-11 13:00
3.8556,2016-09-11 12:00
4.0894,2016-09-11 11:00
4.3552,2016-09-11 10:00
4.6575,2016-09-11 09:00
5.0009,2016-09-11 08:00
5.3912,2016-09-11 07:00
5.8346,2016-09-11 06:00
6.3385,2016-09-11 05:00
6.9111,2016-09-11 04:00
7.5619,2016-09-11 03:00
8.3017,2016-09-11 02:00
9.1428,2016-09-11 01:00
10.0990,2016-09-11 00:00
11.1861,2016-09-10 23:00
12.4215,2016-09-10 22:00
13.8246,2016-09-10 21:00
15.4166,2016-09-10 20:00
17.2198,2016-09-10 19:00
19.2580,2016-09-10 18:00
21.5554,2016-09-10 17:00
24.1362,2016-09-10 16:00
27.0238,2016-09-10 15:00
30.2386,2016-09-10 14:00
33.7961,2016-09-10 13:00
37.7050,2016-09-10 12:00
41.9657,2016-09-10 11:00
46.5641,2016-09-10 10:00
51.4520,2016-09-10 09:00
56.5078,2016-09-10 08:00
61.4745,2016-09-10 07:00
65.8775,2016-09-10 06:00
68.9524,2016-09-10 05:00
69.6582,2016-09-10 04:00
66.9230,2016-09-10 03:00
60.2852,2016-09-10 02:00
50.7678,2016-09-10 01:00
40.8825,2016-09-10 00:00
32.7343,2016-09-09 23:00
26.6103,2016-09-09 22:00
21.6751,2016-09-09 21:00
17.1657,2016-09-09 20:00
12.8384,2016-09-09 19:00
8.8504,2016-09-09 18:00
5.6389,2016-09-09 17:00
3.6424,2016-09-09 16:00
2.6667,2016-09-09 15:00
2.4568,2016-09-09 14:00
2.4957,2016-09-09 13:00
2.5416,2016-09-09 12:00
2.5955,2016-09-09 11:00
2.6585,2016-09-09 10:00
2.7321,2016-09-09 09:00
2.8176,2016-09-09 08:00
2.9167,2016-09-09 07:00
3.0314,2016-09-09 06:00
3.1637,2016-09-09 05:00
3.3162,2016-09-09 04:00
3.4916,2016-09-09 03:00
3.6932,2016-09-09 02:00
3.9247,2016-09-09 01:00
4.1904,2016-09-09 00:00
4.4954,2016-09-08 23:00
4.8453,2016-09-08 22:00
5.2470,2016-09-08 21:00
5.7083,2016-09-08 20:00
6.2386,2016-09-08 19:00
6.8487,2016-09-08 18:00
7.5512,2016-09-08 17:00
8.3609,2016-09-08 16:00
9.2953,2016-09-08 15:00
10.3743,2016-09-08 14:00
11.6214,2016-09-08 13:00
13.0632,2016-09-08 12:00
14.7299,2016-09-08 11:00
16.6547,2016-09-08 10:00
18.8728,2016-09-08 09:00
21.4194,2016-09-08 08:00
24.3254,2016-09-08 07:00
27.6106,2016-09-08 06:00
31.2728,2016-09-08 05:00
35.2716,2016-09-08 04:00
39.5057,2016-09-08 03:00
43.7843,2016-09-08 02:00
47.7981,2016-09-08 01:00
51.1018,2016-09-08 00:00
53.1379,2016-09-07 23:00
53.3464,2016-09-07 22:00
51.3981,2016-09-07 21:00
47.4857,2016-09-07 20:00
42.4036,2016-09-07 19:00
37.1467,2016-09-07 18:00
32.2996,2016-09-07 17:00
27.8602,2016-09-07 16:00
23.5617,2016-09-07 15:00
19.3246,2016-09-07 14:00
15.3375,2016-09-07 13:00
11.9282,2016-09-07 12:00
9.5220,2016-09-07 11:00
7.7891,2016-09-07 10:00
6.4400,2016-09-07 09:00
5.3866,2016-09-07 08:00
4.6139,2016-09-07 07:00
4.0717,2016-09-07 06:00
3.6992,2016-09-07 05:00
3.3792,2016-09-07 04:00
3.0093,2016-09-07 03:00
2.6334,2016-09-07 02:00
2.3916,2016-09-07 01:00
2.3250,2016-09-07 00:00
2.3497,2016-09-06 23:00
2.3784,2016-09-06 22:00
2.4108,2016-09-06 21:00
2.4468,2016-09-06 20:00
2.4857,2016-09-06 19:00
2.5266,2016-09-06 18:00
2.5684,2016-09-06 17:00
2.6095,2016-09-06 16:00
2.6478,2016-09-06 15:00
2.6813,2016-09-06 14:00
2.7079,2016-09-06 13:00
2.7255,2016-09-06 12:00
2.7328,2016-09-06 11:00
2.7289,2016-09-06 10:00
2.7141,2016-09-06 09:00
2.6893,2016-09-06 08:00
2.6563,2016-09-06 07:00
2.6169,2016-09-06 06:00
2.5735,2016-09-06 05:00
2.5282,2016-09-06 04:00
2.4836,2016-09-06 03:00
2.4419,2016-09-06 02:00
2.4052,2016-09-06 01:00
2.3748,2016-09-06 00:00
2.3505,2016-09-05 23:00
2.3307,2016-09-05 22:00
2.3127,2016-09-05 21:00
2.2937,2016-09-05 20:00
2.2719,2016-09-05 19:00
2.2491,2016-09-05 18:00
2.2324,2016-09-05 17:00
2.2253,2016-09-05 16:00
2.2224,2016-09-05 15:00
2.2210,2016-09-05 14:00
2.2210,2016-09-05 13:00
2.2210,2016-09-05 12:00
2.2211,2016-09-05 11:00
2.2211,2016-09-05 10:00
2.2211,2016-09-05 09:00
2.2211,2016-09-05 08:00
2.2211,2016-09-05 07:00
2.2210,2016-09-05 06:00
2.2210,2016-09-05 05:00
2.2210,2016-09-05 04:00
2.2210,2016-09-05 03:00
2.2210,2016-09-05 02:00
2.2210,2016-09-05 01:00
2.2210,2016-09-05 00:00
2.2209,2016-09-04 23:00
2.2209,2016-09-04 22:00
2.2209,2016-09-04 21:00
2.2209,2016-09-04 20:00
2.2208,2016-09-04 19:00
2.2208,2016-09-04 18:00
2.2208,2016-09-04 17:00
2.2207,2016-09-04 16:00
2.2207,2016-09-04 15:00
2.2206,2016-09-04 14:00
2.2206,2016-09-04 13:00
2.2205,2016-09-04 12:00
2.2205,2016-09-04 11:00
2.2204,2016-09-04 10:00
2.2204,2016-09-04 09:00
2.2203,2016-09-04 08:00
2.2202,2016-09-04 07:00
2.2202,2016-09-04 06:00
2.2201,2016-09-04 05:00
2.2200,2016-09-04 04:00
2.2200,2016-09-04 03:00
2.2199,2016-09-04 02:00
2.2198,2016-09-04 01:00
2.2197,2016-09-04 00:00
2.2196,2016-09-03 23:00
2.2195,2016-09-03 22:00
2.2195,2016-09-03 21:00
2.2194,2016-09-03 20:00
2.2193,2016-09-03 19:00
2.2192,2016-09-03 18:00
2.2191,2016-09-03 17:00
2.2190,2016-09-03 16:00
2.2189,2016-09-03 15:00
2.2188,2016-09-03 14:00
2.2186,2016-09-03 13:00
2.2185,2016-09-03 12:00
2.2184,2016-09-03 11:00
2.2183,2016-09-03 10:00
2.2182,2016-09-03 09:00
2.2180,2016-09-03 08:00
2.2179,2016-09-03 07:00
2.2178,2016-09-03 06:00
2.2176,2016-09-03 05:00
2.2175,2016-09-03 04:00
2.2174,2016-09-03 03:00
2.2172,2016-09-03 02:00
2.2171,2016-09-03 01:00
2.2169,2016-09-03 00:00
2.2168,2016-09-02 23:00
2.2166,2016-09-02 22:00
2.2165,2016-09-02 21:00
2.2163,2016-09-02 20:00
2.2162,2016-09-02 19:00
2.2160,2016-09-02 18:00
2.2158,2016-09-02 17:00
2.2157,2016-09-02 16:00
2.2155,2016-09-02 15:00
2.2153,2016-09-02 14:00
2.2151,2016-09-02 13:00
2.2150,2016-09-02 12:00
2.2148,2016-09-02 11:00
2.2146,2016-09-02 10:00
2.2144,2016-09-02 09:00
2.2142,2016-09-02 08:00
2.2140,2016-09-02 07:00
2.2139,2016-09-02 06:00
2.2137,2016-09-02 05:00
2.2135,2016-09-02 04:00
2.2133,2016-09-02 03:00
2.2132,2016-09-02 02:00
2.2130,2016-09-02 01:00
2.2129,2016-09-02 00:00
2.2127,2016-09-01 23:00
2.2126,2016-09-01 22:00
2.2125,2016-09-01 21:00
2.2124,2016-09-01 20:00
2.2123,2016-09-01 19:00
2.2122,2016-09-01 18:00
2.2122,2016-09-01 17:00
2.2121,2016-09-01 16:00
2.2121,2016-09-01 15:00
2.2121,2016-09-01 14:00
2.2121,2016-09-01 13:00
2.2121,2016-09-01 12:00
2.2121,2016-09-01 11:00
2.2121,2016-09-01 10:00
2.2122,2016-09-01 09:00
2.2122,2016-09-01 08:00
2.2122,2016-09-01 07:00
2.2123,2016-09-01 06:00
2.2124,2016-09-01 05:00
2.2124,2016-09-01 04:00
2.2125,2016-09-01 03:00
2.2125,2016-09-01 02:00
2.2126,2016-09-01 01:00
2.2126,2016-09-01 00:00
2.2127,2016-08-31 23:00
2.2128,2016-08-31 22:00
2.2128,2016-08-31 21:00
2.2128,2016-08-31 20:00
2.2129,2016-08-31 19:00
2.2129,2016-08-31 18:00
2.2130,2016-08-31 17:00
2.2131,2016-08-31 16:00
2.2131,2016-08-31 15:00
2.2132,2016-08-31 14:00
2.2134,2016-08-31 13:00
2.2135,2016-08-31 12:00
2.2137,2016-08-31 11:00
2.2140,2016-08-31 10:00
2.2143,2016-08-31 09:00
2.2146,2016-08-31 08:00
2.2150,2016-08-31 07:00
2.2154,2016-08-31 06:00
2.2157,2016-08-31 05:00
2.2159,2016-08-31 04:00
2.2160,2016-08-31 03:00
2.2158,2016-08-31 02:00
2.2155,2016-08-31 01:00
2.2150,2016-08-31 00:00
2.2144,2016-08-30 23:00
2.2137,2016-08-30 22:00
2.2132,2016-08-30 21:00
2.2128,2016-08-30 20:00
2.2125,2016-08-30 19:00
2.2123,2016-08-30 18:00
2.2121,2016-08-30 17:00
2.2120,2016-08-30 16:00
2.2119,2016-08-30 15:00
2.2118,2016-08-30 14:00
2.2117,2016-08-30 13:00
2.2116,2016-08-30 12:00
2.2115,2016-08-30 11:00
2.2114,2016-08-30 10:00
2.2112,2016-08-30 09:00
2.2111,2016-08-30 08:00
2.2110,2016-08-30 07:00
2.2108,2016-08-30 06:00
2.2107,2016-08-30 05:00
2.2105,2016-08-30 04:00
2.2103,2016-08-30 03:00
2.2102,2016-08-30 02:00
2.2100,2016-08-30 01:00
2.2098,2016-08-30 00:00
2.2097,2016-08-29 23:00
2.2095,2016-08-29 22:00
2.2093,2016-08-29 21:00
2.2091,2016-08-29 20:00
2.2089,2016-08-29 19:00
2.2087,2016-08-29 18:00
2.2085,2016-08-29 17:00
2.2084,2016-08-29 16:00
2.2082,2016-08-29 15:00
2.2080,2016-08-29 14:00
2.2079,2016-08-29 13:00
2.2078,2016-08-29 12:00
2.2077,2016-08-29 11:00
2.2076,2016-08-29 10:00
2.2077,2016-08-29 09:00
2.2079,2016-08-29 08:00
2.2082,2016-08-29 07:00
2.2086,2016-08-29 06:00
2.2094,2016-08-29 05:00
2.2105,2016-08-29 04:00
2.2120,2016-08-29 03:00
2.2142,2016-08-29 02:00
2.2171,2016-08-29 01:00
2.2211,2016-08-29 00:00
2.2264,2016-08-28 23:00
2.2334,2016-08-28 22:00
2.2424,2016-08-28 21:00
2.2540,2016-08-28 20:00
2.2688,2016-08-28 19:00
2.2875,2016-08-28 18:00
2.3108,2016-08-28 17:00
2.3396,2016-08-28 16:00
2.3746,2016-08-28 15:00
2.4169,2016-08-28 14:00
2.4674,2016-08-28 13:00
2.5267,2016-08-28 12:00
2.5958,2016-08-28 11:00
2.6752,2016-08-28 10:00
2.7652,2016-08-28 09:00
2.8656,2016-08-28 08:00
2.9760,2016-08-28 07:00
3.0951,2016-08-28 06:00
3.2209,2016-08-28 05:00
3.3501,2016-08-28 04:00
3.4785,2016-08-28 03:00
3.6004,2016-08-28 02:00
3.7088,2016-08-28 01:00
3.7959,2016-08-28 00:00
3.8536,2016-08-27 23:00
3.8751,2016-08-27 22:00
3.8569,2016-08-27 21:00
3.8000,2016-08-27 20:00
3.7108,2016-08-27 19:00
3.6000,2016-08-27 18:00
3.4800,2016-08-27 17:00
3.3619,2016-08-27 16:00
3.2531,2016-08-27 15:00
3.1565,2016-08-27 14:00
3.0708,2016-08-27 13:00
2.9903,2016-08-27 12:00
2.9053,2016-08-27 11:00
2.8044,2016-08-27 10:00
2.6807,2016-08-27 09:00
2.5404,2016-08-27 08:00
2.4068,2016-08-27 07:00
2.3014,2016-08-27 06:00
2.2358,2016-08-27 05:00
2.2048,2016-08-27 04:00
2.1980,2016-08-27 03:00
2.2010,2016-08-27 02:00
2.2049,2016-08-27 01:00
2.2098,2016-08-27 00:00
2.2161,2016-08-26 23:00
2.2239,2016-08-26 22:00
2.2337,2016-08-26 21:00
2.2458,2016-08-26 20:00
2.2606,2016-08-26 19:00
2.2787,2016-08-26 18:00
2.3006,2016-08-26 17:00
2.3270,2016-08-26 16:00
2.3588,2016-08-26 15:00
2.3967,2016-08-26 14:00
2.4417,2016-08-26 13:00
2.4949,2016-08-26 12:00
2.5575,2016-08-26 11:00
2.6310,2016-08-26 10:00
2.7167,2016-08-26 09:00
2.8166,2016-08-26 08:00
2.9325,2016-08-26 07:00
3.0667,2016-08-26 06:00
3.2218,2016-08-26 05:00
3.4006,2016-08-26 04:00
3.6066,2016-08-26 03:00
3.8437,2016-08-26 02:00
4.1163,2016-08-26 01:00
4.4296,2016-08-26 00:00
4.7898,2016-08-25 23:00
5.2039,2016-08-25 22:00
5.6804,2016-08-25 21:00
6.2287,2016-08-25 20:00
6.8605,2016-08-25 19:00
7.5891,2016-08-25 18:00
8.4302,2016-08-25 17:00
9.4024,2016-08-25 16:00
10.5275,2016-08-25 15:00
11.8312,2016-08-25 14:00
13.3437,2016-08-25 13:00
15.1006,2016-08-25 12:00
17.1440,2016-08-25 11:00
19.5234,2016-08-25 10:00
22.2971,2016-08-25 09:00
25.5343,2016-08-25 08:00
29.3171,2016-08-25 07:00
33.7433,2016-08-25 06:00
38.9304,2016-08-25 05:00
45.0198,2016-08-25 04:00
52.1813,2016-08-25 03:00
60.6171,2016-08-25 02:00
70.5608,2016-08-25 01:00
82.2675,2016-08-25 00:00
95.9824,2016-08-24 23:00
111.8688,2016-08-24 22:00
129.8638,2016-08-24 21:00
149.4105,2016-08-24 20:00
169.0094,2016-08-24 19:00
185.6054,2016-08-24 18:00
194.1646,2016-08-24 17:00
188.5353,2016-08-24 16:00
165.2397,2016-08-24 15:00
129.2146,2016-08-24 14:00
92.9801,2016-08-24 13:00
65.7777,2016-08-24 12:00
47.5684,2016-08-24 11:00
33.5176,2016-08-24 10:00
21.0510,2016-08-24 09:00
11.8495,2016-08-24 08:00
6.7309,2016-08-24 07:00
4.6789,2016-08-24 06:00
3.7957,2016-08-24 05:00
3.1943,2016-08-24 04:00
2.6638,2016-08-24 03:00
2.2815,2016-08-24 02:00
2.1505,2016-08-24 01:00
2.1507,2016-08-24 00:00
2.1508,2016-08-23 23:00
2.1510,2016-08-23 22:00
2.1511,2016-08-23 21:00
2.1512,2016-08-23 20:00
2.1514,2016-08-23 19:00
2.1515,2016-08-23 18:00
2.1516,2016-08-23 17:00
2.1517,2016-08-23 16:00
2.1518,2016-08-23 15:00
2.1519,2016-08-23 14:00
2.1520,2016-08-23 13:00
2.1521,2016-08-23 12:00
2.1522,2016-08-23 11:00
2.1523,2016-08-23 10:00
2.1524,2016-08-23 09:00
2.1525,2016-08-23 08:00
2.1526,2016-08-23 07:00
2.1527,2016-08-23 06:00
2.1528,2016-08-23 05:00
2.1529,2016-08-23 04:00
2.1530,2016-08-23 03:00
2.1531,2016-08-23 02:00
2.1532,2016-08-23 01:00
2.1534,2016-08-23 00:00
2.1536,2016-08-22 23:00
2.1539,2016-08-22 22:00
2.1542,2016-08-22 21:00
2.1547,2016-08-22 20:00
2.1553,2016-08-22 19:00
2.1561,2016-08-22 18:00
2.1572,2016-08-22 17:00
2.1586,2016-08-22 16:00
2.1604,2016-08-22 15:00
2.1627,2016-08-22 14:00
2.1657,2016-08-22 13:00
2.1694,2016-08-22 12:00
2.1740,2016-08-22 11:00
2.1796,2016-08-22 10:00
2.1865,2016-08-22 09:00
2.1947,2016-08-22 08:00
2.2045,2016-08-22 07:00
2.2159,2016-08-22 06:00
2.2291,2016-08-22 05:00
2.2441,2016-08-22 04:00
2.2612,2016-08-22 03:00
2.2805,2016-08-22 02:00
2.3021,2016-08-22 01:00
2.3264,2016-08-22 00:00
2.3537,2016-08-21 23:00
2.3846,2016-08-21 22:00
2.4197,2016-08-21 21:00
2.4600,2016-08-21 20:00
2.5065,2016-08-21 19:00
2.5605,2016-08-21 18:00
2.6237,2016-08-21 17:00
2.6975,2016-08-21 16:00
2.7838,2016-08-21 15:00
2.8843,2016-08-21 14:00
3.0010,2016-08-21 13:00
3.1357,2016-08-21 12:00
3.2903,2016-08-21 11:00
3.4672,2016-08-21 10:00
3.6685,2016-08-21 09:00
3.8969,2016-08-21 08:00
4.1554,2016-08-21 07:00
4.4470,2016-08-21 06:00
4.7749,2016-08-21 05:00
5.1417,2016-08-21 04:00
5.5491,2016-08-21 03:00
5.9962,2016-08-21 02:00
6.4785,2016-08-21 01:00
6.9857,2016-08-21 00:00
7.5000,2016-08-20 23:00
7.9941,2016-08-20 22:00
8.4307,2016-08-20 21:00
8.7626,2016-08-20 20:00
8.9392,2016-08-20 19:00
8.9179,2016-08-20 18:00
8.6832,2016-08-20 17:00
8.2626,2016-08-20 16:00
7.7270,2016-08-20 15:00
7.1717,2016-08-20 14:00
6.6683,2016-08-20 13:00
6.2458,2016-08-20 12:00
5.9047,2016-08-20 11:00
5.6225,2016-08-20 10:00
5.3589,2016-08-20 09:00
5.0662,2016-08-20 08:00
4.7032,2016-08-20 07:00
4.2676,2016-08-20 06:00
3.8365,2016-08-20 05:00
3.5223,2016-08-20 04:00
3.3417,2016-08-20 03:00
3.2799,2016-08-20 02:00
3.2892,2016-08-20 01:00
3.3060,2016-08-20 00:00
3.3255,2016-08-19 23:00
3.3358,2016-08-19 22:00
3.3233,2016-08-19 21:00
3.2900,2016-08-19 20:00
3.2473,2016-08-19 19:00
3.1947,2016-08-19 18:00
3.1257,2016-08-19 17:00
3.0495,2016-08-19 16:00
2.9741,2016-08-19 15:00
2.8943,2016-08-19 14:00
2.8086,2016-08-19 13:00
2.7263,2016-08-19 12:00
2.6549,2016-08-19 11:00
2.6004,2016-08-19 10:00
2.5622,2016-08-19 09:00
2.5313,2016-08-19 08:00
2.5034,2016-08-19 07:00
2.4742,2016-08-19 06:00
2.4389,2016-08-19 05:00
2.3931,2016-08-19 04:00
2.3356,2016-08-19 03:00
2.2697,2016-08-19 02:00
2.2071,2016-08-19 01:00
2.1767,2016-08-19 00:00
2.1804,2016-08-18 23:00
2.1850,2016-08-18 22:00
2.1910,2016-08-18 21:00
2.1985,2016-08-18 20:00
2.2081,2016-08-18 19:00
2.2202,2016-08-18 18:00
2.2351,2016-08-18 17:00
2.2535,2016-08-18 16:00
2.2758,2016-08-18 15:00
2.3024,2016-08-18 14:00
2.3338,2016-08-18 13:00
2.3701,2016-08-18 12:00
2.4114,2016-08-18 11:00
2.4575,2016-08-18 10:00
2.5078,2016-08-18 09:00
2.5611,2016-08-18 08:00
2.6158,2016-08-18 07:00
2.6696,2016-08-18 06:00
2.7194,2016-08-18 05:00
2.7616,2016-08-18 04:00
2.7919,2016-08-18 03:00
2.8063,2016-08-18 02:00
2.8018,2016-08-18 01:00
2.7772,2016-08-18 00:00
2.7339,2016-08-17 23:00
2.6764,2016-08-17 22:00
2.6113,2016-08-17 21:00
2.5461,2016-08-17 20:00
2.4867,2016-08-17 19:00
2.4371,2016-08-17 18:00
2.3983,2016-08-17 17:00
2.3693,2016-08-17 16:00
2.3478,2016-08-17 15:00
2.3311,2016-08-17 14:00
2.3161,2016-08-17 13:00
2.2997,2016-08-17 12:00
2.2798,2016-08-17 11:00
2.2559,2016-08-17 10:00
2.2326,2016-08-17 09:00
2.2171,2016-08-17 08:00
2.2072,2016-08-17 07:00
2.1968,2016-08-17 06:00
2.1906,2016-08-17 05:00
2.1898,2016-08-17 04:00
2.1903,2016-08-17 03:00
2.1908,2016-08-17 02:00
2.1913,2016-08-17 01:00
2.1918,2016-08-17 00:00
2.1922,2016-08-16 23:00
2.1927,2016-08-16 22:00
2.1932,2016-08-16 21:00
2.1936,2016-08-16 20:00
2.1941,2016-08-16 19:00
2.1946,2016-08-16 18:00
2.1950,2016-08-16 17:00
2.1955,2016-08-16 16:00
2.1959,2016-08-16 15:00
2.1964,2016-08-16 14:00
2.1968,2016-08-16 13:00
2.1972,2016-08-16 12:00
2.1977,2016-08-16 11:00
2.1981,2016-08-16 10:00
2.1985,2016-08-16 09:00
2.1990,2016-08-16 08:00
2.1994,2016-08-16 07:00
2.1998,2016-08-16 06:00
2.2002,2016-08-16 05:00
2.2006,2016-08-16 04:00
2.2010,2016-08-16 03:00
2.2014,2016-08-16 02:00
2.2018,2016-08-16 01:00
2.2022,2016-08-16 00:00
2.2026,2016-08-15 23:00
2.2030,2016-08-15 22:00
2.2034,2016-08-15 21:00
2.2038,2016-08-15 20:00
2.2042,2016-08-15 19:00
2.2045,2016-08-15 18:00
2.2049,2016-08-15 17:00
2.2053,2016-08-15 16:00
2.2057,2016-08-15 15:00
2.2060,2016-08-15 14:00
2.2064,2016-08-15 13:00
2.2067,2016-08-15 12:00
2.2071,2016-08-15 11:00
2.2075,2016-08-15 10:00
2.2078,2016-08-15 09:00
2.2082,2016-08-15 08:00
2.2085,2016-08-15 07:00
2.2089,2016-08-15 06:00
2.2092,2016-08-15 05:00
2.2096,2016-08-15 04:00
2.2100,2016-08-15 03:00
2.2104,2016-08-15 02:00
2.2108,2016-08-15 01:00
2.2113,2016-08-15 00:00
2.2118,2016-08-14 23:00
2.2125,2016-08-14 22:00
2.2132,2016-08-14 21:00
2.2142,2016-08-14 20:00
2.2154,2016-08-14 19:00
2.2169,2016-08-14 18:00
2.2189,2016-08-14 17:00
2.2215,2016-08-14 16:00
2.2249,2016-08-14 15:00
2.2294,2016-08-14 14:00
2.2352,2016-08-14 13:00
2.2426,2016-08-14 12:00
2.2522,2016-08-14 11:00
2.2642,2016-08-14 10:00
2.2791,2016-08-14 09:00
2.2975,2016-08-14 08:00
2.3197,2016-08-14 07:00
2.3460,2016-08-14 06:00
2.3768,2016-08-14 05:00
2.4120,2016-08-14 04:00
2.4513,2016-08-14 03:00
2.4943,2016-08-14 02:00
2.5400,2016-08-14 01:00
2.5872,2016-08-14 00:00
2.6342,2016-08-13 23:00
2.6793,2016-08-13 22:00
2.7204,2016-08-13 21:00
2.7556,2016-08-13 20:00
2.7835,2016-08-13 19:00
2.8033,2016-08-13 18:00
2.8152,2016-08-13 17:00
2.8205,2016-08-13 16:00
2.8219,2016-08-13 15:00
2.8232,2016-08-13 14:00
2.8285,2016-08-13 13:00
2.8418,2016-08-13 12:00
2.8661,2016-08-13 11:00
2.9025,2016-08-13 10:00
2.9504,2016-08-13 09:00
3.0078,2016-08-13 08:00
3.0716,2016-08-13 07:00
3.1378,2016-08-13 06:00
3.2019,2016-08-13 05:00
3.2586,2016-08-13 04:00
3.3038,2016-08-13 03:00
3.3393,2016-08-13 02:00
3.3750,2016-08-13 01:00
3.4181,2016-08-13 00:00
3.4584,2016-08-12 23:00
3.4836,2016-08-12 22:00
3.4960,2016-08-12 21:00
3.5003,2016-08-12 20:00
3.5027,2016-08-12 19:00
3.5111,2016-08-12 18:00
3.5331,2016-08-12 17:00
3.5754,2016-08-12 16:00
3.6424,2016-08-12 15:00
3.7358,2016-08-12 14:00
3.8535,2016-08-12 13:00
3.9886,2016-08-12 12:00
4.1286,2016-08-12 11:00
4.2594,2016-08-12 10:00
4.3699,2016-08-12 09:00
4.4440,2016-08-12 08:00
4.4595,2016-08-12 07:00
4.4114,2016-08-12 06:00
4.3152,2016-08-12 05:00
4.1821,2016-08-12 04:00
4.0107,2016-08-12 03:00
3.8053,2016-08-12 02:00
3.5843,2016-08-12 01:00
3.3716,2016-08-12 00:00
3.1850,2016-08-11 23:00
3.0346,2016-08-11 22:00
2.9241,2016-08-11 21:00
2.8495,2016-08-11 20:00
2.8002,2016-08-11 19:00
2.7596,2016-08-11 18:00
2.7075,2016-08-11 17:00
2.6267,2016-08-11 16:00
2.5136,2016-08-11 15:00
2.3863,2016-08-11 14:00
2.2842,2016-08-11 13:00
2.2416,2016-08-11 12:00
2.2413,2016-08-11 11:00
2.2413,2016-08-11 10:00
2.2419,2016-08-11 09:00
2.2425,2016-08-11 08:00
2.2431,2016-08-11 07:00
2.2437,2016-08-11 06:00
2.2443,2016-08-11 05:00
2.2450,2016-08-11 04:00
2.2456,2016-08-11 03:00
2.2462,2016-08-11 02:00
2.2468,2016-08-11 01:00
2.2473,2016-08-11 00:00
2.2479,2016-08-10 23:00
2.2485,2016-08-10 22:00
2.2491,2016-08-10 21:00
2.2497,2016-08-10 20:00
2.2503,2016-08-10 19:00
2.2509,2016-08-10 18:00
2.2514,2016-08-10 17:00
2.2520,2016-08-10 16:00
2.2526,2016-08-10 15:00
2.2532,2016-08-10 14:00
2.2537,2016-08-10 13:00
2.2543,2016-08-10 12:00
2.2548,2016-08-10 11:00
2.2554,2016-08-10 10:00
2.2559,2016-08-10 09:00
2.2565,2016-08-10 08:00
2.2570,2016-08-10 07:00
2.2576,2016-08-10 06:00
2.2581,2016-08-10 05:00
2.2587,2016-08-10 04:00
2.2592,2016-08-10 03:00
2.2597,2016-08-10 02:00
2.2603,2016-08-10 01:00
2.2608,2016-08-10 00:00
2.2613,2016-08-09 23:00
2.2618,2016-08-09 22:00
2.2623,2016-08-09 21:00
2.2629,2016-08-09 20:00
2.2634,2016-08-09 19:00
2.2639,2016-08-09 18:00
2.2644,2016-08-09 17:00
2.2649,2016-08-09 16:00
2.2654,2016-08-09 15:00
2.2659,2016-08-09 14:00
2.2664,2016-08-09 13:00
2.2669,2016-08-09 12:00
2.2674,2016-08-09 11:00
2.2678,2016-08-09 10:00
2.2683,2016-08-09 09:00
2.2688,2016-08-09 08:00
2.2693,2016-08-09 07:00
2.2697,2016-08-09 06:00
2.2702,2016-08-09 05:00
2.2707,2016-08-09 04:00
2.2711,2016-08-09 03:00
2.2716,2016-08-09 02:00
2.2721,2016-08-09 01:00
2.2725,2016-08-09 00:00
2.2730,2016-08-08 23:00
2.2735,2016-08-08 22:00
2.2740,2016-08-08 21:00
2.2745,2016-08-08 20:00
2.2750,2016-08-08 19:00
2.2755,2016-08-08 18:00
2.2761,2016-08-08 17:00
2.2767,2016-08-08 16:00
2.2773,2016-08-08 15:00
2.2780,2016-08-08 14:00
2.2787,2016-08-08 13:00
2.2795,2016-08-08 12:00
2.2803,2016-08-08 11:00
2.2812,2016-08-08 10:00
2.2821,2016-08-08 09:00
2.2830,2016-08-08 08:00
2.2840,2016-08-08 07:00
2.2850,2016-08-08 06:00
2.2859,2016-08-08 05:00
2.2868,2016-08-08 04:00
2.2875,2016-08-08 03:00
2.2879,2016-08-08 02:00
2.2880,2016-08-08 01:00
2.2877,2016-08-08 00:00
2.2869,2016-08-07 23:00
2.2859,2016-08-07 22:00
2.2848,2016-08-07 21:00
2.2842,2016-08-07 20:00
2.2842,2016-08-07 19:00
2.2845,2016-08-07 18:00
2.2848,2016-08-07 17:00
2.2852,2016-08-07 16:00
2.2855,2016-08-07 15:00
2.2859,2016-08-07 14:00
2.2862,2016-08-07 13:00
2.2865,2016-08-07 12:00
2.2869,2016-08-07 11:00
2.2872,2016-08-07 10:00
2.2876,2016-08-07 09:00
2.2879,2016-08-07 08:00
2.2883,2016-08-07 07:00
2.2887,2016-08-07 06:00
2.2891,2016-08-07 05:00
2.2896,2016-08-07 04:00
2.2902,2016-08-07 03:00
2.2908,2016-08-07 02:00
2.2916,2016-08-07 01:00
2.2925,2016-08-07 00:00
2.2937,2016-08-06 23:00
2.2952,2016-08-06 22:00
2.2972,2016-08-06 21:00
2.2999,2016-08-06 20:00
2.3034,2016-08-06 19:00
2.3080,2016-08-06 18:00
2.3142,2016-08-06 17:00
2.3224,2016-08-06 16:00
2.3332,2016-08-06 15:00
2.3473,2016-08-06 14:00
2.3657,2016-08-06 13:00
2.3894,2016-08-06 12:00
2.4197,2016-08-06 11:00
2.4579,2016-08-06 10:00
2.5058,2016-08-06 09:00
2.5651,2016-08-06 08:00
2.6377,2016-08-06 07:00
2.7257,2016-08-06 06:00
2.8313,2016-08-06 05:00
2.9568,2016-08-06 04:00
3.1041,2016-08-06 03:00
3.2752,2016-08-06 02:00
3.4717,2016-08-06 01:00
3.6941,2016-08-06 00:00
3.9417,2016-08-05 23:00
4.2115,2016-08-05 22:00
4.4969,2016-08-05 21:00
4.7865,2016-08-05 20:00
5.0621,2016-08-05 19:00
5.2976,2016-08-05 18:00
5.4602,2016-08-05 17:00
5.5158,2016-08-05 16:00
5.4407,2016-08-05 15:00
5.2358,2016-08-05 14:00
4.9356,2016-08-05 13:00
4.5969,2016-08-05 12:00
4.2738,2016-08-05 11:00
3.9972,2016-08-05 10:00
3.7762,2016-08-05 09:00
3.6092,2016-08-05 08:00
3.4912,2016-08-05 07:00
3.4141,2016-08-05 06:00
3.3638,2016-08-05 05:00
3.3138,2016-08-05 04:00
3.2141,2016-08-05 03:00
3.0039,2016-08-05 02:00
2.6883,2016-08-05 01:00
2.4126,2016-08-05 00:00
2.3075,2016-08-04 23:00
2.3081,2016-08-04 22:00
2.3086,2016-08-04 21:00
2.3092,2016-08-04 20:00
2.3097,2016-08-04 19:00
2.3102,2016-08-04 18:00
2.3108,2016-08-04 17:00
2.3113,2016-08-04 16:00
2.3118,2016-08-04 15:00
2.3123,2016-08-04 14:00
2.3128,2016-08-04 13:00
2.3134,2016-08-04 12:00
2.3139,2016-08-04 11:00
2.3144,2016-08-04 10:00
2.3149,2016-08-04 09:00
2.3154,2016-08-04 08:00
2.3159,2016-08-04 07:00
2.3164,2016-08-04 06:00
2.3169,2016-08-04 05:00
2.3174,2016-08-04 04:00
2.3179,2016-08-04 03:00
2.3184,2016-08-04 02:00
2.3188,2016-08-04 01:00
2.3193,2016-08-04 00:00
2.3198,2016-08-03 23:00
2.3203,2016-08-03 22:00
2.3208,2016-08-03 21:00
2.3213,2016-08-03 20:00
2.3218,2016-08-03 19:00
2.3224,2016-08-03 18:00
2.3230,2016-08-03 17:00
2.3236,2016-08-03 16:00
2.3243,2016-08-03 15:00
2.3251,2016-08-03 14:00
2.3260,2016-08-03 13:00
2.3271,2016-08-03 12:00
2.3285,2016-08-03 11:00
2.3302,2016-08-03 10:00
2.3323,2016-08-03 09:00
2.3350,2016-08-03 08:00
2.3384,2016-08-03 07:00
2.3425,2016-08-03 06:00
2.3476,2016-08-03 05:00
2.3537,2016-08-03 04:00
2.3609,2016-08-03 03:00
2.3692,2016-08-03 02:00
2.3784,2016-08-03 01:00
2.3884,2016-08-03 00:00
2.3987,2016-08-02 23:00
2.4088,2016-08-02 22:00
2.4184,2016-08-02 21:00
2.4266,2016-08-02 20:00
2.4331,2016-08-02 19:00
2.4374,2016-08-02 18:00
2.4392,2016-08-02 17:00
2.4383,2016-08-02 16:00
2.4349,2016-08-02 15:00
2.4292,2016-08-02 14:00
2.4214,2016-08-02 13:00
2.4122,2016-08-02 12:00
2.4024,2016-08-02 11:00
2.3926,2016-08-02 10:00
2.3834,2016-08-02 09:00
2.3749,2016-08-02 08:00
2.3667,2016-08-02 07:00
2.3585,2016-08-02 06:00
2.3505,2016-08-02 05:00
2.3438,2016-08-02 04:00
2.3396,2016-08-02 03:00
2.3382,2016-08-02 02:00
2.3383,2016-08-02 01:00
2.3386,2016-08-02 00:00
2.3390,2016-08-01 23:00
2.3393,2016-08-01 22:00
2.3397,2016-08-01 21:00
2.3400,2016-08-01 20:00
2.3403,2016-08-01 19:00
2.3407,2016-08-01 18:00
2.3410,2016-08-01 17:00
2.3413,2016-08-01 16:00
2.3417,2016-08-01 15:00
2.3420,2016-08-01 14:00
2.3423,2016-08-01 13:00
2.3426,2016-08-01 12:00
2.3430,2016-08-01 11:00
2.3433,2016-08-01 10:00
2.3436,2016-08-01 09:00
2.3439,2016-08-01 08:00
2.3443,2016-08-01 07:00
2.3446,2016-08-01 06:00
2.3449,2016-08-01 05:00
2.3452,2016-08-01 04:00
2.3455,2016-08-01 03:00
2.3458,2016-08-01 02:00
2.3461,2016-08-01 01:00
2.3464,2016-08-01 00:00
2.3467,2016-07-31 23:00
2.3471,2016-07-31 22:00
2.3474,2016-07-31 21:00
2.3477,2016-07-31 20:00
2.3480,2016-07-31 19:00
2.3484,2016-07-31 18:00
2.3488,2016-07-31 17:00
2.3492,2016-07-31 16:00
2.3497,2016-07-31 15:00
2.3502,2016-07-31 14:00
2.3509,2016-07-31 13:00
2.3517,2016-07-31 12:00
2.3528,2016-07-31 11:00
2.3541,2016-07-31 10:00
2.3559,2016-07-31 09:00
2.3583,2016-07-31 08:00
2.3613,2016-07-31 07:00
2.3654,2016-07-31 06:00
2.3708,2016-07-31 05:00
2.3779,2016-07-31 04:00
2.3872,2016-07-31 03:00
2.3993,2016-07-31 02:00
2.4147,2016-07-31 01:00
2.4343,2016-07-31 00:00
2.4590,2016-07-30 23:00
2.4895,2016-07-30 22:00
2.5269,2016-07-30 21:00
2.5720,2016-07-30 20:00
2.6256,2016-07-30 19:00
2.6885,2016-07-30 18:00
2.7611,2016-07-30 17:00
2.8434,2016-07-30 16:00
2.9351,2016-07-30 15:00
3.0352,2016-07-30 14:00
3.1418,2016-07-30 13:00
3.2521,2016-07-30 12:00
3.3625,2016-07-30 11:00
3.4684,2016-07-30 10:00
3.5648,2016-07-30 09:00
3.6466,2016-07-30 08:00
3.7086,2016-07-30 07:00
3.7460,2016-07-30 06:00
3.7548,2016-07-30 05:00
3.7341,2016-07-30 04:00
3.6904,2016-07-30 03:00
3.6361,2016-07-30 02:00
3.5769,2016-07-30 01:00
3.5139,2016-07-30 00:00
3.4521,2016-07-29 23:00
3.3956,2016-07-29 22:00
3.3465,2016-07-29 21:00
3.3026,2016-07-29 20:00
3.2539,2016-07-29 19:00
3.1746,2016-07-29 18:00
3.0265,2016-07-29 17:00
2.8159,2016-07-29 16:00
2.6259,2016-07-29 15:00
2.5114,2016-07-29 14:00
2.4625,2016-07-29 13:00
2.4519,2016-07-29 12:00
2.4499,2016-07-29 11:00
2.4345,2016-07-29 10:00
2.4033,2016-07-29 09:00
2.3723,2016-07-29 08:00
2.3593,2016-07-29 07:00
2.3594,2016-07-29 06:00
2.3596,2016-07-29 05:00
2.3597,2016-07-29 04:00
2.3598,2016-07-29 03:00
2.3600,2016-07-29 02:00
2.3601,2016-07-29 01:00
2.3602,2016-07-29 00:00
2.3603,2016-07-28 23:00
2.3604,2016-07-28 22:00
2.3605,2016-07-28 21:00
2.3606,2016-07-28 20:00
2.3607,2016-07-28 19:00
2.3608,2016-07-28 18:00
2.3608,2016-07-28 17:00
2.3609,2016-07-28 16:00
2.3610,2016-07-28 15:00
2.3611,2016-07-28 14:00
2.3611,2016-07-28 13:00
2.3612,2016-07-28 12:00
2.3612,2016-07-28 11:00
2.3613,2016-07-28 10:00
2.3613,2016-07-28 09:00
2.3613,2016-07-28 08:00
2.3614,2016-07-28 07:00
2.3614,2016-07-28 06:00
2.3614,2016-07-28 05:00
2.3614,2016-07-28 04:00
2.3614,2016-07-28 03:00
2.3614,2016-07-28 02:00
2.3614,2016-07-28 01:00
2.3614,2016-07-28 00:00
2.3614,2016-07-27 23:00
2.3614,2016-07-27 22:00
2.3614,2016-07-27 21:00
2.3613,2016-07-27 20:00
2.3613,2016-07-27 19:00
2.3613,2016-07-27 18:00
2.3612,2016-07-27 17:00
2.3612,2016-07-27 16:00
2.3611,2016-07-27 15:00
2.3611,2016-07-27 14:00
2.3610,2016-07-27 13:00
2.3609,2016-07-27 12:00
2.3609,2016-07-27 11:00
2.3608,2016-07-27 10:00
2.3607,2016-07-27 09:00
2.3606,2016-07-27 08:00
2.3605,2016-07-27 07:00
2.3604,2016-07-27 06:00
2.3603,2016-07-27 05:00
2.3602,2016-07-27 04:00
2.3601,2016-07-27 03:00
2.3600,2016-07-27 02:00
2.3598,2016-07-27 01:00
2.3597,2016-07-27 00:00
2.3596,2016-07-26 23:00
2.3594,2016-07-26 22:00
2.3593,2016-07-26 21:00
2.3592,2016-07-26 20:00
2.3590,2016-07-26 19:00
2.3589,2016-07-26 18:00
2.3588,2016-07-26 17:00
2.3586,2016-07-26 16:00
2.3585,2016-07-26 15:00
2.3585,2016-07-26 14:00
2.3584,2016-07-26 13:00
2.3584,2016-07-26 12:00
2.3585,2016-07-26 11:00
2.3587,2016-07-26 10:00
2.3590,2016-07-26 09:00
2.3594,2016-07-26 08:00
2.3601,2016-07-26 07:00
2.3612,2016-07-26 06:00
2.3626,2016-07-26 05:00
2.3645,2016-07-26 04:00
2.3672,2016-07-26 03:00
2.3707,2016-07-26 02:00
2.3754,2016-07-26 01:00
2.3814,2016-07-26 00:00
2.3892,2016-07-25 23:00
2.3992,2016-07-25 22:00
2.4119,2016-07-25 21:00
2.4277,2016-07-25 20:00
2.4474,2016-07-25 19:00
2.4717,2016-07-25 18:00
2.5014,2016-07-25 17:00
2.5375,2016-07-25 16:00
2.5811,2016-07-25 15:00
2.6334,2016-07-25 14:00
2.6959,2016-07-25 13:00
2.7703,2016-07-25 12:00
2.8586,2016-07-25 11:00
2.9632,2016-07-25 10:00
3.0868,2016-07-25 09:00
3.2327,2016-07-25 08:00
3.4046,2016-07-25 07:00
3.6069,2016-07-25 06:00
3.8447,2016-07-25 05:00
4.1241,2016-07-25 04:00
4.4522,2016-07-25 03:00
4.8376,2016-07-25 02:00
5.2902,2016-07-25 01:00
5.8223,2016-07-25 00:00
6.4483,2016-07-24 23:00
7.1853,2016-07-24 22:00
8.0540,2016-07-24 21:00
9.0782,2016-07-24 20:00
10.2860,2016-07-24 19:00
11.7085,2016-07-24 18:00
13.3788,2016-07-24 17:00
15.3288,2016-07-24 16:00
17.5840,2016-07-24 15:00
20.1556,2016-07-24 14:00
23.0256,2016-07-24 13:00
26.1232,2016-07-24 12:00
29.2889,2016-07-24 11:00
32.2315,2016-07-24 10:00
34.4970,2016-07-24 09:00
35.4985,2016-07-24 08:00
34.6911,2016-07-24 07:00
31.9177,2016-07-24 06:00
27.6969,2016-07-24 05:00
23.0356,2016-07-24 04:00
18.8349,2016-07-24 03:00
15.5187,2016-07-24 02:00
13.0424,2016-07-24 01:00
11.0529,2016-07-24 00:00
9.1276,2016-07-23 23:00
7.0984,2016-07-23 22:00
5.3613,2016-07-23 21:00
4.4316,2016-07-23 20:00
4.0605,2016-07-23 19:00
3.8640,2016-07-23 18:00
3.6408,2016-07-23 17:00
3.2783,2016-07-23 16:00
2.8345,2016-07-23 15:00
2.5120,2016-07-23 14:00
2.3756,2016-07-23 13:00
2.3472,2016-07-23 12:00
2.3474,2016-07-23 11:00
2.3476,2016-07-23 10:00
2.3478,2016-07-23 09:00
2.3480,2016-07-23 08:00
2.3482,2016-07-23 07:00
2.3483,2016-07-23 06:00
2.3485,2016-07-23 05:00
2.3487,2016-07-23 04:00
2.3489,2016-07-23 03:00
2.3491,2016-07-23 02:00
2.3492,2016-07-23 01:00
2.3494,2016-07-23 00:00
2.3496,2016-07-22 23:00
2.3499,2016-07-22 22:00
2.3501,2016-07-22 21:00
2.3504,2016-07-22 20:00
2.3507,2016-07-22 19:00
2.3511,2016-07-22 18:00
2.3516,2016-07-22 17:00
2.3523,2016-07-22 16:00
2.3532,2016-07-22 15:00
2.3543,2016-07-22 14:00
2.3558,2016-07-22 13:00
2.3578,2016-07-22 12:00
2.3605,2016-07-22 11:00
2.3641,2016-07-22 10:00
2.3689,2016-07-22 09:00
2.3752,2016-07-22 08:00
2.3834,2016-07-22 07:00
2.3941,2016-07-22 06:00
2.4080,2016-07-22 05:00
2.4256,2016-07-22 04:00
2.4478,2016-07-22 03:00
2.4754,2016-07-22 02:00
2.5094,2016-07-22 01:00
2.5506,2016-07-22 00:00
2.5999,2016-07-21 23:00
2.6580,2016-07-21 22:00
2.7255,2016-07-21 21:00
2.8026,2016-07-21 20:00
2.8893,2016-07-21 19:00
2.9849,2016-07-21 18:00
3.0881,2016-07-21 17:00
3.1969,2016-07-21 16:00
3.3084,2016-07-21 15:00
3.4188,2016-07-21 14:00
3.5230,2016-07-21 13:00
3.6156,2016-07-21 12:00
3.6905,2016-07-21 11:00
3.7418,2016-07-21 10:00
3.7649,2016-07-21 09:00
3.7575,2016-07-21 08:00
3.7202,2016-07-21 07:00
3.6574,2016-07-21 06:00
3.5762,2016-07-21 05:00
3.4856,2016-07-21 04:00
3.3947,2016-07-21 03:00
3.3114,2016-07-21 02:00
3.2417,2016-07-21 01:00
3.1886,2016-07-21 00:00
3.1519,2016-07-20 23:00
3.1283,2016-07-20 22:00
3.1138,2016-07-20 21:00
3.1055,2016-07-20 20:00
3.1020,2016-07-20 19:00
3.0999,2016-07-20 18:00
3.1087,2016-07-20 17:00
3.1576,2016-07-20 16:00
3.2601,2016-07-20 15:00
3.3937,2016-07-20 14:00
3.5311,2016-07-20 13:00
3.6608,2016-07-20 12:00
3.7713,2016-07-20 11:00
3.8491,2016-07-20 10:00
3.8823,2016-07-20 09:00
3.8655,2016-07-20 08:00
3.8041,2016-07-20 07:00
3.7148,2016-07-20 06:00
3.6172,2016-07-20 05:00
3.5239,2016-07-20 04:00
3.4343,2016-07-20 03:00
3.3392,2016-07-20 02:00
3.2282,2016-07-20 01:00
3.0952,2016-07-20 00:00
2.9398,2016-07-19 23:00
2.7674,2016-07-19 22:00
2.5959,2016-07-19 21:00
2.4600,2016-07-19 20:00
2.3844,2016-07-19 19:00
2.3569,2016-07-19 18:00
2.3524,2016-07-19 17:00
2.3533,2016-07-19 16:00
2.3546,2016-07-19 15:00
2.3564,2016-07-19 14:00
2.3588,2016-07-19 13:00
2.3620,2016-07-19 12:00
2.3663,2016-07-19 11:00
2.3720,2016-07-19 10:00
2.3795,2016-07-19 09:00
2.3893,2016-07-19 08:00
2.4020,2016-07-19 07:00
2.4182,2016-07-19 06:00
2.4389,2016-07-19 05:00
2.4649,2016-07-19 04:00
2.4976,2016-07-19 03:00
2.5381,2016-07-19 02:00
2.5881,2016-07-19 01:00
2.6493,2016-07-19 00:00
2.7237,2016-07-18 23:00
2.8135,2016-07-18 22:00
2.9215,2016-07-18 21:00
3.0506,2016-07-18 20:00
3.2045,2016-07-18 19:00
3.3872,2016-07-18 18:00
3.6038,2016-07-18 17:00
3.8600,2016-07-18 16:00
4.1625,2016-07-18 15:00
4.5195,2016-07-18 14:00
4.9403,2016-07-18 13:00
5.4357,2016-07-18 12:00
6.0183,2016-07-18 11:00
6.7019,2016-07-18 10:00
7.5020,2016-07-18 09:00
8.4345,2016-07-18 08:00
9.5151,2016-07-18 07:00
10.7572,2016-07-18 06:00
12.1687,2016-07-18 05:00
13.7472,2016-07-18 04:00
15.4724,2016-07-18 03:00
17.2953,2016-07-18 02:00
19.1231,2016-07-18 01:00
20.8029,2016-07-18 00:00
22.1093,2016-07-17 23:00
22.7574,2016-07-17 22:00
22.4634,2016-07-17 21:00
21.0764,2016-07-17 20:00
18.7561,2016-07-17 19:00
16.0278,2016-07-17 18:00
13.4883,2016-07-17 17:00
11.4760,2016-07-17 16:00
9.9883,2016-07-17 15:00
8.8102,2016-07-17 14:00
7.6630,2016-07-17 13:00
6.3418,2016-07-17 12:00
4.8820,2016-07-17 11:00
3.5520,2016-07-17 10:00
2.7058,2016-07-17 09:00
2.4098,2016-07-17 08:00
2.3576,2016-07-17 07:00
2.3491,2016-07-17 06:00
2.3494,2016-07-17 05:00
2.3498,2016-07-17 04:00
2.3502,2016-07-17 03:00
2.3505,2016-07-17 02:00
2.3509,2016-07-17 01:00
2.3513,2016-07-17 00:00
2.3516,2016-07-16 23:00
2.3520,2016-07-16 22:00
2.3523,2016-07-16 21:00
2.3526,2016-07-16 20:00
2.3530,2016-07-16 19:00
2.3533,2016-07-16 18:00
2.3536,2016-07-16 17:00
2.3540,2016-07-16 16:00
2.3543,2016-07-16 15:00
2.3546,2016-07-16 14:00
2.3549,2016-07-16 13:00
2.3552,2016-07-16 12:00
2.3555,2016-07-16 11:00
2.3558,2016-07-16 10:00
2.3561,2016-07-16 09:00
2.3564,2016-07-16 08:00
2.3567,2016-07-16 07:00
2.3570,2016-07-16 06:00
2.3573,2016-07-16 05:00
2.3575,2016-07-16 04:00
2.3578,2016-07-16 03:00
2.3581,2016-07-16 02:00
2.3583,2016-07-16 01:00
2.3586,2016-07-16 00:00
2.3589,2016-07-15 23:00
2.3591,2016-07-15 22:00
2.3594,2016-07-15 21:00
2.3596,2016-07-15 20:00
2.3599,2016-07-15 19:00
2.3601,2016-07-15 18:00
2.3604,2016-07-15 17:00
2.3607,2016-07-15 16:00
2.3610,2016-07-15 15:00
2.3613,2016-07-15 14:00
2.3616,2016-07-15 13:00
2.3620,2016-07-15 12:00
2.3624,2016-07-15 11:00
2.3630,2016-07-15 10:00
2.3637,2016-07-15 09:00
2.3645,2016-07-15 08:00
2.3655,2016-07-15 07:00
2.3668,2016-07-15 06:00
2.3685,2016-07-15 05:00
2.3707,2016-07-15 04:00
2.3734,2016-07-15 03:00
2.3768,2016-07-15 02:00
2.3810,2016-07-15 01:00
2.3863,2016-07-15 00:00
2.3926,2016-07-14 23:00
2.4002,2016-07-14 22:00
2.4092,2016-07-14 21:00
2.4195,2016-07-14 20:00
2.4311,2016-07-14 19:00
2.4438,2016-07-14 18:00
2.4572,2016-07-14 17:00
2.4709,2016-07-14 16:00
2.4842,2016-07-14 15:00
2.4962,2016-07-14 14:00
2.5059,2016-07-14 13:00
2.5126,2016-07-14 12:00
2.5156,2016-07-14 11:00
2.5146,2016-07-14 10:00
2.5100,2016-07-14 09:00
2.5026,2016-07-14 08:00
2.4935,2016-07-14 07:00
2.4840,2016-07-14 06:00
2.4752,2016-07-14 05:00
2.4680,2016-07-14 04:00
2.4628,2016-07-14 03:00
2.4601,2016-07-14 02:00
2.4600,2016-07-14 01:00
2.4630,2016-07-14 00:00
2.4697,2016-07-13 23:00
2.4808,2016-07-13 22:00
2.4967,2016-07-13 21:00
2.5175,2016-07-13 20:00
2.5445,2016-07-13 19:00
2.5819,2016-07-13 18:00
2.6364,2016-07-13 17:00
2.7093,2016-07-13 16:00
2.7981,2016-07-13 15:00
2.9054,2016-07-13 14:00
3.0338,2016-07-13 13:00
3.1862,2016-07-13 12:00
3.3654,2016-07-13 11:00
3.5743,2016-07-13 10:00
3.8159,2016-07-13 09:00
4.0925,2016-07-13 08:00
4.4060,2016-07-13 07:00
4.7570,2016-07-13 06:00
5.1443,2016-07-13 05:00
5.5639,2016-07-13 04:00
6.0076,2016-07-13 03:00
6.4615,2016-07-13 02:00
6.9043,2016-07-13 01:00
7.3059,2016-07-13 00:00
7.6270,2016-07-12 23:00
7.8217,2016-07-12 22:00
7.8451,2016-07-12 21:00
7.6676,2016-07-12 20:00
7.2938,2016-07-12 19:00
6.7748,2016-07-12 18:00
6.1976,2016-07-12 17:00
5.6487,2016-07-12 16:00
5.1802,2016-07-12 15:00
4.8005,2016-07-12 14:00
4.4848,2016-07-12 13:00
4.1890,2016-07-12 12:00
3.8661,2016-07-12 11:00
3.4889,2016-07-12 10:00
3.0791,2016-07-12 09:00
2.7098,2016-07-12 08:00
2.4806,2016-07-12 07:00
2.4173,2016-07-12 06:00
2.4335,2016-07-12 05:00
2.4545,2016-07-12 04:00
2.4814,2016-07-12 03:00
2.5154,2016-07-12 02:00
2.5581,2016-07-12 01:00
2.6110,2016-07-12 00:00
2.6757,2016-07-11 23:00
2.7542,2016-07-11 22:00
2.8482,2016-07-11 21:00
2.9595,2016-07-11 20:00
3.0897,2016-07-11 19:00
3.2405,2016-07-11 18:00
3.4129,2016-07-11 17:00
3.6077,2016-07-11 16:00
3.8246,2016-07-11 15:00
4.0626,2016-07-11 14:00
4.3190,2016-07-11 13:00
4.5893,2016-07-11 12:00
4.8665,2016-07-11 11:00
5.1407,2016-07-11 10:00
5.3986,2016-07-11 09:00
5.6239,2016-07-11 08:00
5.7973,2016-07-11 07:00
5.8992,2016-07-11 06:00
5.9139,2016-07-11 05:00
5.8360,2016-07-11 04:00
5.6765,2016-07-11 03:00
5.4637,2016-07-11 02:00
5.2328,2016-07-11 01:00
5.0105,2016-07-11 00:00
4.8051,2016-07-10 23:00
4.6100,2016-07-10 22:00
4.4127,2016-07-10 21:00
4.1953,2016-07-10 20:00
3.9253,2016-07-10 19:00
3.5630,2016-07-10 18:00
3.1220,2016-07-10 17:00
2.7124,2016-07-10 16:00
2.4573,2016-07-10 15:00
2.3765,2016-07-10 14:00
2.3767,2016-07-10 13:00
2.3770,2016-07-10 12:00
2.3772,2016-07-10 11:00
2.3775,2016-07-10 10:00
2.3777,2016-07-10 09:00
2.3779,2016-07-10 08:00
2.3782,2016-07-10 07:00
2.3784,2016-07-10 06:00
2.3786,2016-07-10 05:00
2.3788,2016-07-10 04:00
2.3791,2016-07-10 03:00
2.3793,2016-07-10 02:00
2.3795,2016-07-10 01:00
2.3797,2016-07-10 00:00
2.3800,2016-07-09 23:00
2.3802,2016-07-09 22:00
2.3804,2016-07-09 21:00
2.3807,2016-07-09 20:00
2.3810,2016-07-09 19:00
2.3813,2016-07-09 18:00
2.3816,2016-07-09 17:00
2.3820,2016-07-09 16:00
2.3825,2016-07-09 15:00
2.3831,2016-07-09 14:00
2.3838,2016-07-09 13:00
2.3846,2016-07-09 12:00
2.3857,2016-07-09 11:00
2.3870,2016-07-09 10:00
2.3888,2016-07-09 09:00
2.3910,2016-07-09 08:00
2.3939,2016-07-09 07:00
2.3978,2016-07-09 06:00
2.4029,2016-07-09 05:00
2.4096,2016-07-09 04:00
2.4184,2016-07-09 03:00
2.4302,2016-07-09 02:00
2.4456,2016-07-09 01:00
2.4659,2016-07-09 00:00
2.4922,2016-07-08 23:00
2.5260,2016-07-08 22:00
2.5692,2016-07-08 21:00
2.6236,2016-07-08 20:00
2.6916,2016-07-08 19:00
2.7758,2016-07-08 18:00
2.8789,2016-07-08 17:00
3.0040,2016-07-08 16:00
3.1544,2016-07-08 15:00
3.3339,2016-07-08 14:00
3.5460,2016-07-08 13:00
3.7946,2016-07-08 12:00
4.0832,2016-07-08 11:00
4.4147,2016-07-08 10:00
4.7910,2016-07-08 09:00
5.2117,2016-07-08 08:00
5.6732,2016-07-08 07:00
6.1671,2016-07-08 06:00
6.6777,2016-07-08 05:00
7.1806,2016-07-08 04:00
7.6405,2016-07-08 03:00
8.0125,2016-07-08 02:00
8.2456,2016-07-08 01:00
8.2923,2016-07-08 00:00
8.1243,2016-07-07 23:00
7.7486,2016-07-07 22:00
7.2170,2016-07-07 21:00
6.6176,2016-07-07 20:00
6.0478,2016-07-07 19:00
5.5812,2016-07-07 18:00
5.2472,2016-07-07 17:00
5.0273,2016-07-07 16:00
4.8614,2016-07-07 15:00
4.6476,2016-07-07 14:00
4.2610,2016-07-07 13:00
3.6635,2016-07-07 12:00
3.0731,2016-07-07 11:00
2.8123,2016-07-07 10:00
2.8215,2016-07-07 09:00
2.9215,2016-07-07 08:00
3.0377,2016-07-07 07:00
3.1709,2016-07-07 06:00
3.3211,2016-07-07 05:00
3.4876,2016-07-07 04:00
3.6684,2016-07-07 03:00
3.8599,2016-07-07 02:00
4.0566,2016-07-07 01:00
4.2502,2016-07-07 00:00
4.4297,2016-07-06 23:00
4.5815,2016-07-06 22:00
4.6904,2016-07-06 21:00
4.7415,2016-07-06 20:00
4.7245,2016-07-06 19:00
4.6369,2016-07-06 18:00
4.4876,2016-07-06 17:00
4.2959,2016-07-06 16:00
4.0876,2016-07-06 15:00
3.8876,2016-07-06 14:00
3.7153,2016-07-06 13:00
3.5808,2016-07-06 12:00
3.4842,2016-07-06 11:00
3.4170,2016-07-06 10:00
3.3607,2016-07-06 09:00
3.2812,2016-07-06 08:00
3.1320,2016-07-06 07:00
2.8818,2016-07-06 06:00
2.6000,2016-07-06 05:00
2.4455,2016-07-06 04:00
2.4142,2016-07-06 03:00
2.4128,2016-07-06 02:00
2.4120,2016-07-06 01:00
2.4121,2016-07-06 00:00
2.4128,2016-07-05 23:00
2.4135,2016-07-05 22:00
2.4142,2016-07-05 21:00
2.4149,2016-07-05 20:00
2.4157,2016-07-05 19:00
2.4164,2016-07-05 18:00
2.4171,2016-07-05 17:00
2.4178,2016-07-05 16:00
2.4185,2016-07-05 15:00
2.4192,2016-07-05 14:00
2.4199,2016-07-05 13:00
2.4206,2016-07-05 12:00
2.4213,2016-07-05 11:00
2.4220,2016-07-05 10:00
2.4227,2016-07-05 09:00
2.4234,2016-07-05 08:00
2.4241,2016-07-05 07:00
2.4247,2016-07-05 06:00
2.4254,2016-07-05 05:00
2.4261,2016-07-05 04:00
2.4268,2016-07-05 03:00
2.4274,2016-07-05 02:00
2.4281,2016-07-05 01:00
2.4288,2016-07-05 00:00
2.4294,2016-07-04 23:00
2.4301,2016-07-04 22:00
2.4308,2016-07-04 21:00
2.4314,2016-07-04 20:00
2.4321,2016-07-04 19:00
2.4327,2016-07-04 18:00
2.4334,2016-07-04 17:00
2.4340,2016-07-04 16:00
2.4346,2016-07-04 15:00
2.4353,2016-07-04 14:00
2.4359,2016-07-04 13:00
2.4365,2016-07-04 12:00
2.4372,2016-07-04 11:00
2.4378,2016-07-04 10:00
2.4384,2016-07-04 09:00
2.4390,2016-07-04 08:00
2.4396,2016-07-04 07:00
2.4402,2016-07-04 06:00
2.4408,2016-07-04 05:00
2.4415,2016-07-04 04:00
2.4421,2016-07-04 03:00
2.4427,2016-07-04 02:00
2.4432,2016-07-04 01:00
2.4438,2016-07-04 00:00
2.4444,2016-07-03 23:00
2.4450,2016-07-03 22:00
2.4456,2016-07-03 21:00
2.4462,2016-07-03 20:00
2.4468,2016-07-03 19:00
2.4473,2016-07-03 18:00
2.4479,2016-07-03 17:00
2.4485,2016-07-03 16:00
2.4490,2016-07-03 15:00
2.4496,2016-07-03 14:00
2.4502,2016-07-03 13:00
2.4507,2016-07-03 12:00
2.4513,2016-07-03 11:00
2.4518,2016-07-03 10:00
2.4524,2016-07-03 09:00
2.4529,2016-07-03 08:00
2.4535,2016-07-03 07:00
2.4540,2016-07-03 06:00
2.4546,2016-07-03 05:00
2.4551,2016-07-03 04:00
2.4557,2016-07-03 03:00
2.4562,2016-07-03 02:00
2.4568,2016-07-03 01:00
2.4574,2016-07-03 00:00
2.4580,2016-07-02 23:00
2.4587,2016-07-02 22:00
2.4594,2016-07-02 21:00
2.4602,2016-07-02 20:00
2.4611,2016-07-02 19:00
2.4621,2016-07-02 18:00
2.4632,2016-07-02 17:00
2.4646,2016-07-02 16:00
2.4663,2016-07-02 15:00
2.4684,2016-07-02 14:00
2.4709,2016-07-02 13:00
2.4741,2016-07-02 12:00
2.4780,2016-07-02 11:00
2.4829,2016-07-02 10:00
2.4891,2016-07-02 09:00
2.4968,2016-07-02 08:00
2.5062,2016-07-02 07:00
2.5179,2016-07-02 06:00
2.5322,2016-07-02 05:00
2.5496,2016-07-02 04:00
2.5705,2016-07-02 03:00
2.5954,2016-07-02 02:00
2.6246,2016-07-02 01:00
2.6586,2016-07-02 00:00
2.6973,2016-07-01 23:00
2.7407,2016-07-01 22:00
2.7884,2016-07-01 21:00
2.8395,2016-07-01 20:00
2.8928,2016-07-01 19:00
2.9466,2016-07-01 18:00
2.9986,2016-07-01 17:00
3.0463,2016-07-01 16:00
3.0866,2016-07-01 15:00
3.1165,2016-07-01 14:00
3.1330,2016-07-01 13:00
3.1343,2016-07-01 12:00
3.1196,2016-07-01 11:00
3.0902,2016-07-01 10:00
3.0493,2016-07-01 09:00
3.0018,2016-07-01 08:00
2.9526,2016-07-01 07:00
2.9061,2016-07-01 06:00
2.8651,2016-07-01 05:00
2.8306,2016-07-01 04:00
2.8017,2016-07-01 03:00
2.7762,2016-07-01 02:00
2.7514,2016-07-01 01:00
2.7231,2016-07-01 00:00
2.6861,2016-06-30 23:00
2.6350,2016-06-30 22:00
2.5680,2016-06-30 21:00
2.5035,2016-06-30 20:00
2.4744,2016-06-30 19:00
2.4745,2016-06-30 18:00
2.4746,2016-06-30 17:00
2.4748,2016-06-30 16:00
2.4749,2016-06-30 15:00
2.4750,2016-06-30 14:00
2.4751,2016-06-30 13:00
2.4752,2016-06-30 12:00
2.4753,2016-06-30 11:00
2.4754,2016-06-30 10:00
2.4755,2016-06-30 09:00
2.4756,2016-06-30 08:00
2.4757,2016-06-30 07:00
2.4758,2016-06-30 06:00
2.4759,2016-06-30 05:00
2.4760,2016-06-30 04:00
2.4760,2016-06-30 03:00
2.4761,2016-06-30 02:00
2.4762,2016-06-30 01:00
2.4763,2016-06-30 00:00
2.4763,2016-06-29 23:00
2.4764,2016-06-29 22:00
2.4764,2016-06-29 21:00
2.4765,2016-06-29 20:00
2.4766,2016-06-29 19:00
2.4766,2016-06-29 18:00
2.4767,2016-06-29 17:00
2.4767,2016-06-29 16:00
2.4767,2016-06-29 15:00
2.4768,2016-06-29 14:00
2.4768,2016-06-29 13:00
2.4768,2016-06-29 12:00
2.4769,2016-06-29 11:00
2.4769,2016-06-29 10:00
2.4769,2016-06-29 09:00
2.4769,2016-06-29 08:00
2.4769,2016-06-29 07:00
2.4770,2016-06-29 06:00
2.4770,2016-06-29 05:00
2.4770,2016-06-29 04:00
2.4770,2016-06-29 03:00
2.4770,2016-06-29 02:00
2.4770,2016-06-29 01:00
2.4770,2016-06-29 00:00
2.4770,2016-06-28 23:00
2.4769,2016-06-28 22:00
2.4769,2016-06-28 21:00
2.4769,2016-06-28 20:00
2.4769,2016-06-28 19:00
2.4769,2016-06-28 18:00
2.4769,2016-06-28 17:00
2.4769,2016-06-28 16:00
2.4769,2016-06-28 15:00
2.4769,2016-06-28 14:00
2.4769,2016-06-28 13:00
2.4769,2016-06-28 12:00
2.4770,2016-06-28 11:00
2.4771,2016-06-28 10:00
2.4773,2016-06-28 09:00
2.4776,2016-06-28 08:00
2.4780,2016-06-28 07:00
2.4785,2016-06-28 06:00
2.4793,2016-06-28 05:00
2.4805,2016-06-28 04:00
2.4821,2016-06-28 03:00
2.4843,2016-06-28 02:00
2.4873,2016-06-28 01:00
2.4915,2016-06-28 00:00
2.4972,2016-06-27 23:00
2.5048,2016-06-27 22:00
2.5150,2016-06-27 21:00
2.5285,2016-06-27 20:00
2.5461,2016-06-27 19:00
2.5691,2016-06-27 18:00
2.5985,2016-06-27 17:00
2.6359,2016-06-27 16:00
2.6830,2016-06-27 15:00
2.7414,2016-06-27 14:00
2.8132,2016-06-27 13:00
2.9004,2016-06-27 12:00
3.0052,2016-06-27 11:00
3.1295,2016-06-27 10:00
3.2753,2016-06-27 09:00
3.4443,2016-06-27 08:00
3.6376,2016-06-27 07:00
3.8556,2016-06-27 06:00
4.0973,2016-06-27 05:00
4.3604,2016-06-27 04:00
4.6399,2016-06-27 03:00
4.9279,2016-06-27 02:00
5.2124,2016-06-27 01:00
5.4772,2016-06-27 00:00
5.7022,2016-06-26 23:00
5.8648,2016-06-26 22:00
5.9447,2016-06-26 21:00
5.9298,2016-06-26 20:00
5.8233,2016-06-26 19:00
5.6457,2016-06-26 18:00
5.4284,2016-06-26 17:00
5.2017,2016-06-26 16:00
4.9851,2016-06-26 15:00
4.7866,2016-06-26 14:00
4.6075,2016-06-26 13:00
4.4424,2016-06-26 12:00
4.2691,2016-06-26 11:00
4.0358,2016-06-26 10:00
3.6749,2016-06-26 09:00
3.1825,2016-06-26 08:00
2.7300,2016-06-26 07:00
2.5155,2016-06-26 06:00
2.4728,2016-06-26 05:00
2.4728,2016-06-26 04:00
2.4728,2016-06-26 03:00
2.4728,2016-06-26 02:00
2.4728,2016-06-26 01:00
2.4728,2016-06-26 00:00
2.4728,2016-06-25 23:00
2.4728,2016-06-25 22:00
2.4728,2016-06-25 21:00
2.4728,2016-06-25 20:00
2.4727,2016-06-25 19:00
2.4727,2016-06-25 18:00
2.4727,2016-06-25 17:00
2.4727,2016-06-25 16:00
2.4726,2016-06-25 15:00
2.4726,2016-06-25 14:00
2.4726,2016-06-25 13:00
2.4725,2016-06-25 12:00
2.4725,2016-06-25 11:00
2.4725,2016-06-25 10:00
2.4725,2016-06-25 09:00
2.4725,2016-06-25 08:00
2.4725,2016-06-25 07:00
2.4725,2016-06-25 06:00
2.4726,2016-06-25 05:00
2.4728,2016-06-25 04:00
2.4730,2016-06-25 03:00
2.4734,2016-06-25 02:00
2.4740,2016-06-25 01:00
2.4749,2016-06-25 00:00
2.4762,2016-06-24 23:00
2.4780,2016-06-24 22:00
2.4805,2016-06-24 21:00
2.4840,2016-06-24 20:00
2.4888,2016-06-24 19:00
2.4953,2016-06-24 18:00
2.5041,2016-06-24 17:00
2.5156,2016-06-24 16:00
2.5305,2016-06-24 15:00
2.5497,2016-06-24 14:00
2.5741,2016-06-24 13:00
2.6045,2016-06-24 12:00
2.6419,2016-06-24 11:00
2.6873,2016-06-24 10:00
2.7415,2016-06-24 09:00
2.8051,2016-06-24 08:00
2.8786,2016-06-24 07:00
2.9619,2016-06-24 06:00
3.0544,2016-06-24 05:00
3.1546,2016-06-24 04:00
3.2600,2016-06-24 03:00
3.3668,2016-06-24 02:00
3.4702,2016-06-24 01:00
3.5644,2016-06-24 00:00
3.6441,2016-06-23 23:00
3.7056,2016-06-23 22:00
3.7484,2016-06-23 21:00
3.7764,2016-06-23 20:00
3.7975,2016-06-23 19:00
3.8209,2016-06-23 18:00
3.8547,2016-06-23 17:00
3.9035,2016-06-23 16:00
3.9681,2016-06-23 15:00
4.0459,2016-06-23 14:00
4.1324,2016-06-23 13:00
4.2217,2016-06-23 12:00
4.3054,2016-06-23 11:00
4.3698,2016-06-23 10:00
4.3942,2016-06-23 09:00
4.3551,2016-06-23 08:00
4.2484,2016-06-23 07:00
4.1370,2016-06-23 06:00
4.0984,2016-06-23 05:00
4.0914,2016-06-23 04:00
4.0490,2016-06-23 03:00
3.9734,2016-06-23 02:00
3.8705,2016-06-23 01:00
3.7496,2016-06-23 00:00
3.6212,2016-06-22 23:00
3.4960,2016-06-22 22:00
3.3808,2016-06-22 21:00
3.2773,2016-06-22 20:00
3.1811,2016-06-22 19:00
3.0831,2016-06-22 18:00
2.9726,2016-06-22 17:00
2.8467,2016-06-22 16:00
2.7248,2016-06-22 15:00
2.6399,2016-06-22 14:00
2.5926,2016-06-22 13:00
2.5573,2016-06-22 12:00
2.5217,2016-06-22 11:00
2.4911,2016-06-22 10:00
2.4739,2016-06-22 09:00
2.4677,2016-06-22 08:00
2.4650,2016-06-22 07:00
2.4656,2016-06-22 06:00
2.4663,2016-06-22 05:00
2.4674,2016-06-22 04:00
2.4690,2016-06-22 03:00
2.4710,2016-06-22 02:00
2.4738,2016-06-22 01:00
2.4775,2016-06-22 00:00
2.4824,2016-06-21 23:00
2.4888,2016-06-21 22:00
2.4970,2016-06-21 21:00
2.5074,2016-06-21 20:00
2.5204,2016-06-21 19:00
2.5366,2016-06-21 18:00
2.5564,2016-06-21 17:00
2.5803,2016-06-21 16:00
2.6087,2016-06-21 15:00
2.6422,2016-06-21 14:00
2.6809,2016-06-21 13:00
2.7251,2016-06-21 12:00
2.7746,2016-06-21 11:00
2.8293,2016-06-21 10:00
2.8884,2016-06-21 09:00
2.9506,2016-06-21 08:00
3.0141,2016-06-21 07:00
3.0760,2016-06-21 06:00
3.1328,2016-06-21 05:00
3.1799,2016-06-21 04:00
3.2123,2016-06-21 03:00
3.2253,2016-06-21 02:00
3.2157,2016-06-21 01:00
3.1830,2016-06-21 00:00
3.1301,2016-06-20 23:00
3.0627,2016-06-20 22:00
2.9885,2016-06-20 21:00
2.9145,2016-06-20 20:00
2.8463,2016-06-20 19:00
2.7869,2016-06-20 18:00
2.7367,2016-06-20 17:00
2.6941,2016-06-20 16:00
2.6563,2016-06-20 15:00
2.6196,2016-06-20 14:00
2.5805,2016-06-20 13:00
2.5376,2016-06-20 12:00
2.4958,2016-06-20 11:00
2.4647,2016-06-20 10:00
2.4525,2016-06-20 09:00
2.4521,2016-06-20 08:00
2.4518,2016-06-20 07:00
2.4515,2016-06-20 06:00
2.4511,2016-06-20 05:00
2.4508,2016-06-20 04:00
2.4505,2016-06-20 03:00
2.4501,2016-06-20 02:00
2.4498,2016-06-20 01:00
2.4494,2016-06-20 00:00
2.4491,2016-06-19 23:00
2.4487,2016-06-19 22:00
2.4484,2016-06-19 21:00
2.4480,2016-06-19 20:00
2.4476,2016-06-19 19:00
2.4472,2016-06-19 18:00
2.4469,2016-06-19 17:00
2.4465,2016-06-19 16:00
2.4461,2016-06-19 15:00
2.4457,2016-06-19 14:00
2.4453,2016-06-19 13:00
2.4449,2016-06-19 12:00
2.4445,2016-06-19 11:00
2.4441,2016-06-19 10:00
2.4436,2016-06-19 09:00
2.4432,2016-06-19 08:00
2.4428,2016-06-19 07:00
2.4424,2016-06-19 06:00
2.4419,2016-06-19 05:00
2.4415,2016-06-19 04:00
2.4410,2016-06-19 03:00
2.4406,2016-06-19 02:00
2.4401,2016-06-19 01:00
2.4397,2016-06-19 00:00
2.4392,2016-06-18 23:00
2.4387,2016-06-18 22:00
2.4383,2016-06-18 21:00
2.4378,2016-06-18 20:00
2.4373,2016-06-18 19:00
2.4369,2016-06-18 18:00
2.4364,2016-06-18 17:00
2.4359,2016-06-18 16:00
2.4354,2016-06-18 15:00
2.4350,2016-06-18 14:00
2.4345,2016-06-18 13:00
2.4341,2016-06-18 12:00
2.4336,2016-06-18 11:00
2.4332,2016-06-18 10:00
2.4328,2016-06-18 09:00
2.4324,2016-06-18 08:00
2.4321,2016-06-18 07:00
2.4318,2016-06-18 06:00
2.4316,2016-06-18 05:00
2.4314,2016-06-18 04:00
2.4313,2016-06-18 03:00
2.4314,2016-06-18 02:00
2.4316,2016-06-18 01:00
2.4320,2016-06-18 00:00
2.4325,2016-06-17 23:00
2.4334,2016-06-17 22:00
2.4346,2016-06-17 21:00
2.4362,2016-06-17 20:00
2.4383,2016-06-17 19:00
2.4410,2016-06-17 18:00
2.4444,2016-06-17 17:00
2.4487,2016-06-17 16:00
2.4541,2016-06-17 15:00
2.4607,2016-06-17 14:00
2.4689,2016-06-17 13:00
2.4789,2016-06-17 12:00
2.4911,2016-06-17 11:00
2.5058,2016-06-17 10:00
2.5236,2016-06-17 09:00
2.5450,2016-06-17 08:00
2.5705,2016-06-17 07:00
2.6008,2016-06-17 06:00
2.6368,2016-06-17 05:00
2.6793,2016-06-17 04:00
2.7293,2016-06-17 03:00
2.7880,2016-06-17 02:00
2.8565,2016-06-17 01:00
2.9362,2016-06-17 00:00
3.0289,2016-06-16 23:00
3.1362,2016-06-16 22:00
3.2602,2016-06-16 21:00
3.4032,2016-06-16 20:00
3.5678,2016-06-16 19:00
3.7570,2016-06-16 18:00
3.9742,2016-06-16 17:00
4.2234,2016-06-16 16:00
4.5090,2016-06-16 15:00
4.8364,2016-06-16 14:00
5.2116,2016-06-16 13:00
5.6418,2016-06-16 12:00
6.1352,2016-06-16 11:00
6.7015,2016-06-16 10:00
7.3521,2016-06-16 09:00
8.1003,2016-06-16 08:00
8.9618,2016-06-16 07:00
9.9552,2016-06-16 06:00
11.1024,2016-06-16 05:00
12.4292,2016-06-16 04:00
13.9661,2016-06-16 03:00
15.7494,2016-06-16 02:00
17.8215,2016-06-16 01:00
20.2326,2016-06-16 00:00
23.0406,2016-06-15 23:00
26.3121,2016-06-15 22:00
30.1210,2016-06-15 21:00
34.5452,2016-06-15 20:00
39.6597,2016-06-15 19:00
45.5202,2016-06-15 18:00
52.1364,2016-06-15 17:00
59.4238,2016-06-15 16:00
67.1327,2016-06-15 15:00
74.7492,2016-06-15 14:00
81.3845,2016-06-15 13:00
85.6859,2016-06-15 12:00
85.8681,2016-06-15 11:00
80.1349,2016-06-15 10:00
68.0326,2016-06-15 09:00
52.4115,2016-06-15 08:00
38.5077,2016-06-15 07:00
28.9869,2016-06-15 06:00
22.6416,2016-06-15 05:00
17.4709,2016-06-15 04:00
12.1823,2016-06-15 03:00
7.0622,2016-06-15 02:00
4.0190,2016-06-15 01:00
3.3965,2016-06-15 00:00
3.4751,2016-06-14 23:00
3.5930,2016-06-14 22:00
3.7525,2016-06-14 21:00
3.9662,2016-06-14 20:00
4.2291,2016-06-14 19:00
4.5296,2016-06-14 18:00
4.8687,2016-06-14 17:00
5.2454,2016-06-14 16:00
5.6559,2016-06-14 15:00
6.0921,2016-06-14 14:00
6.5406,2016-06-14 13:00
6.9819,2016-06-14 12:00
7.3887,2016-06-14 11:00
7.7253,2016-06-14 10:00
7.9474,2016-06-14 09:00
8.0061,2016-06-14 08:00
7.8586,2016-06-14 07:00
7.4874,2016-06-14 06:00
6.9247,2016-06-14 05:00
6.2600,2016-06-14 04:00
5.6106,2016-06-14 03:00
5.0669,2016-06-14 02:00
4.6584,2016-06-14 01:00
4.3693,2016-06-14 00:00
4.1676,2016-06-13 23:00
4.0177,2016-06-13 22:00
3.8916,2016-06-13 21:00
3.7879,2016-06-13 20:00
3.7396,2016-06-13 19:00
3.7838,2016-06-13 18:00
3.9459,2016-06-13 17:00
4.1998,2016-06-13 16:00
4.5007,2016-06-13 15:00
4.8355,2016-06-13 14:00
5.2034,2016-06-13 13:00
5.6006,2016-06-13 12:00
6.0190,2016-06-13 11:00
6.4443,2016-06-13 10:00
6.8534,2016-06-13 09:00
7.2150,2016-06-13 08:00
7.4909,2016-06-13 07:00
7.6430,2016-06-13 06:00
7.6432,2016-06-13 05:00
7.4850,2016-06-13 04:00
7.1886,2016-06-13 03:00
6.7983,2016-06-13 02:00
6.3722,2016-06-13 01:00
5.9684,2016-06-13 00:00
5.6299,2016-06-12 23:00
5.3726,2016-06-12 22:00
5.1814,2016-06-12 21:00
5.0037,2016-06-12 20:00
4.7390,2016-06-12 19:00
4.2731,2016-06-12 18:00
3.6327,2016-06-12 17:00
3.1280,2016-06-12 16:00
3.0002,2016-06-12 15:00
3.0532,2016-06-12 14:00
3.1071,2016-06-12 13:00
3.1306,2016-06-12 12:00
3.1274,2016-06-12 11:00
3.1532,2016-06-12 10:00
3.2518,2016-06-12 09:00
3.4199,2016-06-12 08:00
3.6334,2016-06-12 07:00
3.8800,2016-06-12 06:00
4.1622,2016-06-12 05:00
4.4822,2016-06-12 04:00
4.8412,2016-06-12 03:00
5.2385,2016-06-12 02:00
5.6709,2016-06-12 01:00
6.1308,2016-06-12 00:00
6.6045,2016-06-11 23:00
7.0699,2016-06-11 22:00
7.4949,2016-06-11 21:00
7.8372,2016-06-11 20:00
8.0500,2016-06-11 19:00
8.0927,2016-06-11 18:00
7.9477,2016-06-11 17:00
7.6344,2016-06-11 16:00
7.2081,2016-06-11 15:00
6.7409,2016-06-11 14:00
6.2946,2016-06-11 13:00
5.9027,2016-06-11 12:00
5.5681,2016-06-11 11:00
5.2709,2016-06-11 10:00
4.9741,2016-06-11 09:00
4.6212,2016-06-11 08:00
4.1450,2016-06-11 07:00
3.5320,2016-06-11 06:00
2.9494,2016-06-11 05:00
2.6259,2016-06-11 04:00
2.4879,2016-06-11 03:00
2.4220,2016-06-11 02:00
2.4102,2016-06-11 01:00
2.4264,2016-06-11 00:00
2.4471,2016-06-10 23:00
2.4736,2016-06-10 22:00
2.5068,2016-06-10 21:00
2.5481,2016-06-10 20:00
2.5989,2016-06-10 19:00
2.6607,2016-06-10 18:00
2.7349,2016-06-10 17:00
2.8230,2016-06-10 16:00
2.9264,2016-06-10 15:00
3.0461,2016-06-10 14:00
3.1831,2016-06-10 13:00
3.3376,2016-06-10 12:00
3.5092,2016-06-10 11:00
3.6965,2016-06-10 10:00
3.8968,2016-06-10 09:00
4.1059,2016-06-10 08:00
4.3176,2016-06-10 07:00
4.5237,2016-06-10 06:00
4.7137,2016-06-10 05:00
4.8756,2016-06-10 04:00
4.9969,2016-06-10 03:00
5.0655,2016-06-10 02:00
5.0725,2016-06-10 01:00
5.0138,2016-06-10 00:00
4.8921,2016-06-09 23:00
4.7173,2016-06-09 22:00
4.5061,2016-06-09 21:00
4.2788,2016-06-09 20:00
4.0556,2016-06-09 19:00
3.8519,2016-06-09 18:00
3.6745,2016-06-09 17:00
3.5203,2016-06-09 16:00
3.3768,2016-06-09 15:00
3.2281,2016-06-09 14:00
3.0682,2016-06-09 13:00
2.9078,2016-06-09 12:00
2.7554,2016-06-09 11:00
2.6190,2016-06-09 10:00
2.5086,2016-06-09 09:00
2.4269,2016-06-09 08:00
2.3785,2016-06-09 07:00
2.3625,2016-06-09 06:00
2.3626,2016-06-09 05:00
2.3627,2016-06-09 04:00
2.3628,2016-06-09 03:00
2.3630,2016-06-09 02:00
2.3631,2016-06-09 01:00
2.3633,2016-06-09 00:00
2.3634,2016-06-08 23:00
2.3635,2016-06-08 22:00
2.3636,2016-06-08 21:00
2.3638,2016-06-08 20:00
2.3639,2016-06-08 19:00
2.3640,2016-06-08 18:00
2.3641,2016-06-08 17:00
2.3642,2016-06-08 16:00
2.3643,2016-06-08 15:00
2.3645,2016-06-08 14:00
2.3646,2016-06-08 13:00
2.3647,2016-06-08 12:00
2.3648,2016-06-08 11:00
2.3648,2016-06-08 10:00
2.3649,2016-06-08 09:00
2.3650,2016-06-08 08:00
2.3651,2016-06-08 07:00
2.3652,2016-06-08 06:00
2.3653,2016-06-08 05:00
2.3653,2016-06-08 04:00
2.3654,2016-06-08 03:00
2.3655,2016-06-08 02:00
2.3656,2016-06-08 01:00
2.3656,2016-06-08 00:00
2.3657,2016-06-07 23:00
2.3658,2016-06-07 22:00
2.3658,2016-06-07 21:00
2.3659,2016-06-07 20:00
2.3660,2016-06-07 19:00
2.3660,2016-06-07 18:00
2.3661,2016-06-07 17:00
2.3663,2016-06-07 16:00
2.3664,2016-06-07 15:00
2.3666,2016-06-07 14:00
2.3669,2016-06-07 13:00
2.3673,2016-06-07 12:00
2.3679,2016-06-07 11:00
2.3685,2016-06-07 10:00
2.3693,2016-06-07 09:00
2.3701,2016-06-07 08:00
2.3708,2016-06-07 07:00
2.3714,2016-06-07 06:00
2.3717,2016-06-07 05:00
2.3723,2016-06-07 04:00
2.3736,2016-06-07 03:00
2.3756,2016-06-07 02:00
2.3779,2016-06-07 01:00
2.3805,2016-06-07 00:00
2.3834,2016-06-06 23:00
2.3865,2016-06-06 22:00
2.3897,2016-06-06 21:00
2.3930,2016-06-06 20:00
2.3963,2016-06-06 19:00
2.3997,2016-06-06 18:00
2.4034,2016-06-06 17:00
2.4076,2016-06-06 16:00
2.4129,2016-06-06 15:00
2.4197,2016-06-06 14:00
2.4288,2016-06-06 13:00
2.4409,2016-06-06 12:00
2.4568,2016-06-06 11:00
2.4774,2016-06-06 10:00
2.5038,2016-06-06 09:00
2.5369,2016-06-06 08:00
2.5778,2016-06-06 07:00
2.6276,2016-06-06 06:00
2.6872,2016-06-06 05:00
2.7572,2016-06-06 04:00
2.8381,2016-06-06 03:00
2.9297,2016-06-06 02:00
3.0318,2016-06-06 01:00
3.1436,2016-06-06 00:00
3.2642,2016-06-05 23:00
3.3916,2016-06-05 22:00
3.5224,2016-06-05 21:00
3.6513,2016-06-05 20:00
3.7725,2016-06-05 19:00
3.8788,2016-06-05 18:00
3.9629,2016-06-05 17:00
4.0177,2016-06-05 16:00
4.0386,2016-06-05 15:00
4.0249,2016-06-05 14:00
3.9814,2016-06-05 13:00
3.9182,2016-06-05 12:00
3.8490,2016-06-05 11:00
3.7886,2016-06-05 10:00
3.7495,2016-06-05 09:00
3.7411,2016-06-05 08:00
3.7695,2016-06-05 07:00
3.8366,2016-06-05 06:00
3.9390,2016-06-05 05:00
4.0667,2016-06-05 04:00
4.2032,2016-06-05 03:00
4.3297,2016-06-05 02:00
4.4327,2016-06-05 01:00
4.5056,2016-06-05 00:00
4.5463,2016-06-04 23:00
4.5633,2016-06-04 22:00
4.5761,2016-06-04 21:00
4.5670,2016-06-04 20:00
4.5019,2016-06-04 19:00
4.3863,2016-06-04 18:00
4.2334,2016-06-04 17:00
4.0603,2016-06-04 16:00
3.8847,2016-06-04 15:00
3.7199,2016-06-04 14:00
3.5733,2016-06-04 13:00
3.4447,2016-06-04 12:00
3.3262,2016-06-04 11:00
3.2024,2016-06-04 10:00
3.0569,2016-06-04 09:00
2.8904,2016-06-04 08:00
2.7359,2016-06-04 07:00
2.6229,2016-06-04 06:00
2.5325,2016-06-04 05:00
2.4540,2016-06-04 04:00
2.4111,2016-06-04 03:00
2.3938,2016-06-04 02:00
2.3785,2016-06-04 01:00
2.3693,2016-06-04 00:00
2.3665,2016-06-03 23:00
2.3666,2016-06-03 22:00
2.3668,2016-06-03 21:00
2.3669,2016-06-03 20:00
2.3670,2016-06-03 19:00
2.3671,2016-06-03 18:00
2.3672,2016-06-03 17:00
2.3673,2016-06-03 16:00
2.3674,2016-06-03 15:00
2.3675,2016-06-03 14:00
2.3676,2016-06-03 13:00
2.3677,2016-06-03 12:00
2.3678,2016-06-03 11:00
2.3679,2016-06-03 10:00
2.3680,2016-06-03 09:00
2.3682,2016-06-03 08:00
2.3683,2016-06-03 07:00
2.3685,2016-06-03 06:00
2.3686,2016-06-03 05:00
2.3689,2016-06-03 04:00
2.3692,2016-06-03 03:00
2.3695,2016-06-03 02:00
2.3700,2016-06-03 01:00
2.3706,2016-06-03 00:00
2.3714,2016-06-02 23:00
2.3725,2016-06-02 22:00
2.3739,2016-06-02 21:00
2.3759,2016-06-02 20:00
2.3785,2016-06-02 19:00
2.3819,2016-06-02 18:00
2.3865,2016-06-02 17:00
2.3926,2016-06-02 16:00
2.4006,2016-06-02 15:00
2.4110,2016-06-02 14:00
2.4245,2016-06-02 13:00
2.4419,2016-06-02 12:00
2.4640,2016-06-02 11:00
2.4920,2016-06-02 10:00
2.5271,2016-06-02 09:00
2.5704,2016-06-02 08:00
2.6235,2016-06-02 07:00
2.6880,2016-06-02 06:00
2.7652,2016-06-02 05:00
2.8567,2016-06-02 04:00
2.9639,2016-06-02 03:00
3.0878,2016-06-02 02:00
3.2290,2016-06-02 01:00
3.3873,2016-06-02 00:00
3.5617,2016-06-01 23:00
3.7497,2016-06-01 22:00
3.9467,2016-06-01 21:00
4.1463,2016-06-01 20:00
4.3393,2016-06-01 19:00
4.5139,2016-06-01 18:00
4.6564,2016-06-01 17:00
4.7520,2016-06-01 16:00
4.7880,2016-06-01 15:00
4.7563,2016-06-01 14:00
4.6568,2016-06-01 13:00
4.5001,2016-06-01 12:00
4.3051,2016-06-01 11:00
4.0952,2016-06-01 10:00
3.8922,2016-06-01 09:00
3.7120,2016-06-01 08:00
3.5641,2016-06-01 07:00
3.4518,2016-06-01 06:00
3.3715,2016-06-01 05:00
3.3123,2016-06-01 04:00
3.2568,2016-06-01 03:00
3.1895,2016-06-01 02:00
3.1031,2016-06-01 01:00
2.9940,2016-06-01 00:00
2.8686,2016-05-31 23:00
2.7654,2016-05-31 22:00
2.7164,2016-05-31 21:00
2.6984,2016-05-31 20:00
2.6769,2016-05-31 19:00
2.6538,2016-05-31 18:00
2.6310,2016-05-31 17:00
2.6100,2016-05-31 16:00
2.5915,2016-05-31 15:00
2.5758,2016-05-31 14:00
2.5624,2016-05-31 13:00
2.5506,2016-05-31 12:00
2.5387,2016-05-31 11:00
2.5247,2016-05-31 10:00
2.5061,2016-05-31 09:00
2.4822,2016-05-31 08:00
2.4565,2016-05-31 07:00
2.4331,2016-05-31 06:00
2.4077,2016-05-31 05:00
2.3816,2016-05-31 04:00
2.3688,2016-05-31 03:00
2.3681,2016-05-31 02:00
2.3682,2016-05-31 01:00
2.3683,2016-05-31 00:00
2.3684,2016-05-30 23:00
2.3687,2016-05-30 22:00
2.3690,2016-05-30 21:00
2.3695,2016-05-30 20:00
2.3702,2016-05-30 19:00
2.3712,2016-05-30 18:00
2.3726,2016-05-30 17:00
2.3744,2016-05-30 16:00
2.3770,2016-05-30 15:00
2.3805,2016-05-30 14:00
2.3851,2016-05-30 13:00
2.3912,2016-05-30 12:00
2.3990,2016-05-30 11:00
2.4090,2016-05-30 10:00
2.4216,2016-05-30 09:00
2.4370,2016-05-30 08:00
2.4557,2016-05-30 07:00
2.4779,2016-05-30 06:00
2.5037,2016-05-30 05:00
2.5332,2016-05-30 04:00
2.5661,2016-05-30 03:00
2.6022,2016-05-30 02:00
2.6408,2016-05-30 01:00
2.6815,2016-05-30 00:00
2.7233,2016-05-29 23:00
2.7656,2016-05-29 22:00
2.8072,2016-05-29 21:00
2.8469,2016-05-29 20:00
2.8834,2016-05-29 19:00
2.9149,2016-05-29 18:00
2.9396,2016-05-29 17:00
2.9563,2016-05-29 16:00
2.9643,2016-05-29 15:00
2.9639,2016-05-29 14:00
2.9564,2016-05-29 13:00
2.9433,2016-05-29 12:00
2.9261,2016-05-29 11:00
2.9065,2016-05-29 10:00
2.8868,2016-05-29 09:00
2.8702,2016-05-29 08:00
2.8566,2016-05-29 07:00
2.8441,2016-05-29 06:00
2.8340,2016-05-29 05:00
2.8279,2016-05-29 04:00
2.8235,2016-05-29 03:00
2.8144,2016-05-29 02:00
2.7983,2016-05-29 01:00
2.7875,2016-05-29 00:00
2.7970,2016-05-28 23:00
2.8229,2016-05-28 22:00
2.8534,2016-05-28 21:00
2.8875,2016-05-28 20:00
2.9237,2016-05-28 19:00
2.9597,2016-05-28 18:00
2.9934,2016-05-28 17:00
3.0218,2016-05-28 16:00
3.0425,2016-05-28 15:00
3.0537,2016-05-28 14:00
3.0534,2016-05-28 13:00
3.0407,2016-05-28 12:00
3.0172,2016-05-28 11:00
2.9853,2016-05-28 10:00
2.9502,2016-05-28 09:00
2.9205,2016-05-28 08:00
2.8965,2016-05-28 07:00
2.8745,2016-05-28 06:00
2.8560,2016-05-28 05:00
2.8413,2016-05-28 04:00
2.8298,2016-05-28 03:00
2.8186,2016-05-28 02:00
2.8034,2016-05-28 01:00
2.7797,2016-05-28 00:00
2.7451,2016-05-27 23:00
2.7053,2016-05-27 22:00
2.6763,2016-05-27 21:00
2.6637,2016-05-27 20:00
2.6690,2016-05-27 19:00
2.6957,2016-05-27 18:00
2.7407,2016-05-27 17:00
2.8052,2016-05-27 16:00
2.8796,2016-05-27 15:00
2.9640,2016-05-27 14:00
3.0601,2016-05-27 13:00
3.1672,2016-05-27 12:00
3.2833,2016-05-27 11:00
3.4048,2016-05-27 10:00
3.5232,2016-05-27 09:00
3.6327,2016-05-27 08:00
3.7252,2016-05-27 07:00
3.7904,2016-05-27 06:00
3.8204,2016-05-27 05:00
3.8106,2016-05-27 04:00
3.7615,2016-05-27 03:00
3.6794,2016-05-27 02:00
3.5761,2016-05-27 01:00
3.4661,2016-05-27 00:00
3.3626,2016-05-26 23:00
3.2757,2016-05-26 22:00
3.2107,2016-05-26 21:00
3.1683,2016-05-26 20:00
3.1449,2016-05-26 19:00
3.1338,2016-05-26 18:00
3.1266,2016-05-26 17:00
3.1144,2016-05-26 16:00
3.0857,2016-05-26 15:00
3.0267,2016-05-26 14:00
2.9301,2016-05-26 13:00
2.8152,2016-05-26 12:00
2.7228,2016-05-26 11:00
2.6798,2016-05-26 10:00
2.6679,2016-05-26 09:00
2.6510,2016-05-26 08:00
2.6305,2016-05-26 07:00
2.6076,2016-05-26 06:00
2.5840,2016-05-26 05:00
2.5617,2016-05-26 04:00
2.5422,2016-05-26 03:00
2.5261,2016-05-26 02:00
2.5130,2016-05-26 01:00
2.5013,2016-05-26 00:00
2.4890,2016-05-25 23:00
2.4741,2016-05-25 22:00
2.4549,2016-05-25 21:00
2.4316,2016-05-25 20:00
2.4083,2016-05-25 19:00
2.3928,2016-05-25 18:00
2.3861,2016-05-25 17:00
2.3835,2016-05-25 16:00
2.3865,2016-05-25 15:00
2.3902,2016-05-25 14:00
2.3949,2016-05-25 13:00
2.4007,2016-05-25 12:00
2.4080,2016-05-25 11:00
2.4170,2016-05-25 10:00
2.4282,2016-05-25 09:00
2.4418,2016-05-25 08:00
2.4583,2016-05-25 07:00
2.4779,2016-05-25 06:00
2.5008,2016-05-25 05:00
2.5271,2016-05-25 04:00
2.5565,2016-05-25 03:00
2.5887,2016-05-25 02:00
2.6227,2016-05-25 01:00
2.6576,2016-05-25 00:00
2.6919,2016-05-24 23:00
2.7241,2016-05-24 22:00
2.7524,2016-05-24 21:00
2.7750,2016-05-24 20:00
2.7904,2016-05-24 19:00
2.7973,2016-05-24 18:00
2.7949,2016-05-24 17:00
2.7829,2016-05-24 16:00
2.7617,2016-05-24 15:00
2.7322,2016-05-24 14:00
2.6961,2016-05-24 13:00
2.6562,2016-05-24 12:00
2.6157,2016-05-24 11:00
2.5789,2016-05-24 10:00
2.5492,2016-05-24 09:00
2.5284,2016-05-24 08:00
2.5157,2016-05-24 07:00
2.5080,2016-05-24 06:00
2.5012,2016-05-24 05:00
2.4902,2016-05-24 04:00
2.4707,2016-05-24 03:00
2.4412,2016-05-24 02:00
2.4072,2016-05-24 01:00
2.3872,2016-05-24 00:00
2.3876,2016-05-23 23:00
2.3880,2016-05-23 22:00
2.3883,2016-05-23 21:00
2.3887,2016-05-23 20:00
2.3890,2016-05-23 19:00
2.3894,2016-05-23 18:00
2.3898,2016-05-23 17:00
2.3901,2016-05-23 16:00
2.3905,2016-05-23 15:00
2.3909,2016-05-23 14:00
2.3912,2016-05-23 13:00
2.3916,2016-05-23 12:00
2.3919,2016-05-23 11:00
2.3923,2016-05-23 10:00
2.3926,2016-05-23 09:00
2.3930,2016-05-23 08:00
2.3933,2016-05-23 07:00
2.3937,2016-05-23 06:00
2.3940,2016-05-23 05:00
2.3944,2016-05-23 04:00
2.3947,2016-05-23 03:00
2.3951,2016-05-23 02:00
2.3954,2016-05-23 01:00
2.3957,2016-05-23 00:00
2.3961,2016-05-22 23:00
2.3964,2016-05-22 22:00
2.3968,2016-05-22 21:00
2.3971,2016-05-22 20:00
2.3974,2016-05-22 19:00
2.3978,2016-05-22 18:00
2.3981,2016-05-22 17:00
2.3984,2016-05-22 16:00
2.3988,2016-05-22 15:00
2.3991,2016-05-22 14:00
2.3994,2016-05-22 13:00
2.3997,2016-05-22 12:00
2.4001,2016-05-22 11:00
2.4004,2016-05-22 10:00
2.4007,2016-05-22 09:00
2.4010,2016-05-22 08:00
2.4013,2016-05-22 07:00
2.4017,2016-05-22 06:00
2.4020,2016-05-22 05:00
2.4023,2016-05-22 04:00
2.4026,2016-05-22 03:00
2.4029,2016-05-22 02:00
2.4032,2016-05-22 01:00
2.4035,2016-05-22 00:00
2.4039,2016-05-21 23:00
2.4042,2016-05-21 22:00
2.4045,2016-05-21 21:00
2.4048,2016-05-21 20:00
2.4051,2016-05-21 19:00
2.4054,2016-05-21 18:00
2.4057,2016-05-21 17:00
2.4060,2016-05-21 16:00
2.4063,2016-05-21 15:00
2.4066,2016-05-21 14:00
2.4069,2016-05-21 13:00
2.4072,2016-05-21 12:00
2.4074,2016-05-21 11:00
2.4077,2016-05-21 10:00
2.4080,2016-05-21 09:00
2.4083,2016-05-21 08:00
2.4086,2016-05-21 07:00
2.4089,2016-05-21 06:00
2.4092,2016-05-21 05:00
2.4094,2016-05-21 04:00
2.4097,2016-05-21 03:00
2.4100,2016-05-21 02:00
2.4103,2016-05-21 01:00
2.4106,2016-05-21 00:00
2.4108,2016-05-20 23:00
2.4111,2016-05-20 22:00
2.4114,2016-05-20 21:00
2.4116,2016-05-20 20:00
2.4119,2016-05-20 19:00
2.4122,2016-05-20 18:00
2.4124,2016-05-20 17:00
2.4127,2016-05-20 16:00
2.4130,2016-05-20 15:00
2.4132,2016-05-20 14:00
2.4135,2016-05-20 13:00
2.4138,2016-05-20 12:00
2.4140,2016-05-20 11:00
2.4143,2016-05-20 10:00
2.4145,2016-05-20 09:00
2.4148,2016-05-20 08:00
2.4150,2016-05-20 07:00
2.4153,2016-05-20 06:00
2.4155,2016-05-20 05:00
2.4158,2016-05-20 04:00
2.4160,2016-05-20 03:00
2.4162,2016-05-20 02:00
2.4165,2016-05-20 01:00
2.4167,2016-05-20 00:00
2.4170,2016-05-19 23:00
2.4172,2016-05-19 22:00
2.4174,2016-05-19 21:00
2.4177,2016-05-19 20:00
2.4179,2016-05-19 19:00
2.4181,2016-05-19 18:00
2.4184,2016-05-19 17:00
2.4186,2016-05-19 16:00
2.4188,2016-05-19 15:00
2.4190,2016-05-19 14:00
2.4193,2016-05-19 13:00
2.4195,2016-05-19 12:00
2.4197,2016-05-19 11:00
2.4200,2016-05-19 10:00
2.4202,2016-05-19 09:00
2.4205,2016-05-19 08:00
2.4207,2016-05-19 07:00
2.4210,2016-05-19 06:00
2.4214,2016-05-19 05:00
2.4217,2016-05-19 04:00
2.4222,2016-05-19 03:00
2.4227,2016-05-19 02:00
2.4234,2016-05-19 01:00
2.4242,2016-05-19 00:00
2.4252,2016-05-18 23:00
2.4265,2016-05-18 22:00
2.4282,2016-05-18 21:00
2.4304,2016-05-18 20:00
2.4332,2016-05-18 19:00
2.4367,2016-05-18 18:00
2.4410,2016-05-18 17:00
2.4464,2016-05-18 16:00
2.4529,2016-05-18 15:00
2.4606,2016-05-18 14:00
2.4696,2016-05-18 13:00
2.4799,2016-05-18 12:00
2.4913,2016-05-18 11:00
2.5038,2016-05-18 10:00
2.5170,2016-05-18 09:00
2.5306,2016-05-18 08:00
2.5441,2016-05-18 07:00
2.5571,2016-05-18 06:00
2.5692,2016-05-18 05:00
2.5798,2016-05-18 04:00
2.5887,2016-05-18 03:00
2.5954,2016-05-18 02:00
2.5998,2016-05-18 01:00
2.6017,2016-05-18 00:00
2.6012,2016-05-17 23:00
2.5983,2016-05-17 22:00
2.5932,2016-05-17 21:00
2.5861,2016-05-17 20:00
2.5779,2016-05-17 19:00
2.5693,2016-05-17 18:00
2.5612,2016-05-17 17:00
2.5543,2016-05-17 16:00
2.5483,2016-05-17 15:00
2.5423,2016-05-17 14:00
2.5341,2016-05-17 13:00
2.5215,2016-05-17 12:00
2.5031,2016-05-17 11:00
2.4803,2016-05-17 10:00
2.4603,2016-05-17 09:00
2.4510,2016-05-17 08:00
2.4499,2016-05-17 07:00
2.4482,2016-05-17 06:00
2.4457,2016-05-17 05:00
2.4424,2016-05-17 04:00
2.4385,2016-05-17 03:00
2.4348,2016-05-17 02:00
2.4319,2016-05-17 01:00
2.4307,2016-05-17 00:00
2.4307,2016-05-16 23:00
2.4308,2016-05-16 22:00
2.4310,2016-05-16 21:00
2.4312,2016-05-16 20:00
2.4313,2016-05-16 19:00
2.4315,2016-05-16 18:00
2.4316,2016-05-16 17:00
2.4317,2016-05-16 16:00
2.4319,2016-05-16 15:00
2.4320,2016-05-16 14:00
2.4322,2016-05-16 13:00
2.4323,2016-05-16 12:00
2.4324,2016-05-16 11:00
2.4326,2016-05-16 10:00
2.4327,2016-05-16 09:00
2.4328,2016-05-16 08:00
2.4330,2016-05-16 07:00
2.4331,2016-05-16 06:00
2.4332,2016-05-16 05:00
2.4334,2016-05-16 04:00
2.4335,2016-05-16 03:00
2.4337,2016-05-16 02:00
2.4338,2016-05-16 01:00
2.4340,2016-05-16 00:00
2.4341,2016-05-15 23:00
2.4343,2016-05-15 22:00
2.4346,2016-05-15 21:00
2.4348,2016-05-15 20:00
2.4352,2016-05-15 19:00
2.4356,2016-05-15 18:00
2.4362,2016-05-15 17:00
2.4369,2016-05-15 16:00
2.4378,2016-05-15 15:00
2.4391,2016-05-15 14:00
2.4408,2016-05-15 13:00
2.4430,2016-05-15 12:00
2.4460,2016-05-15 11:00
2.4500,2016-05-15 10:00
2.4553,2016-05-15 09:00
2.4622,2016-05-15 08:00
2.4711,2016-05-15 07:00
2.4824,2016-05-15 06:00
2.4968,2016-05-15 05:00
2.5147,2016-05-15 04:00
2.5366,2016-05-15 03:00
2.5631,2016-05-15 02:00
2.5946,2016-05-15 01:00
2.6313,2016-05-15 00:00
2.6734,2016-05-14 23:00
2.7205,2016-05-14 22:00
2.7720,2016-05-14 21:00
2.8271,2016-05-14 20:00
2.8842,2016-05-14 19:00
2.9414,2016-05-14 18:00
2.9962,2016-05-14 17:00
3.0461,2016-05-14 16:00
3.0880,2016-05-14 15:00
3.1192,2016-05-14 14:00
3.1375,2016-05-14 13:00
3.1416,2016-05-14 12:00
3.1314,2016-05-14 11:00
3.1084,2016-05-14 10:00
3.0756,2016-05-14 09:00
3.0366,2016-05-14 08:00
2.9952,2016-05-14 07:00
2.9548,2016-05-14 06:00
2.9178,2016-05-14 05:00
2.8850,2016-05-14 04:00
2.8556,2016-05-14 03:00
2.8275,2016-05-14 02:00
2.7973,2016-05-14 01:00
2.7601,2016-05-14 00:00
2.7099,2016-05-13 23:00
2.6420,2016-05-13 22:00
2.5616,2016-05-13 21:00
2.4883,2016-05-13 20:00
2.4480,2016-05-13 19:00
2.4402,2016-05-13 18:00
2.4406,2016-05-13 17:00
2.4411,2016-05-13 16:00
2.4416,2016-05-13 15:00
2.4424,2016-05-13 14:00
2.4434,2016-05-13 13:00
2.4446,2016-05-13 12:00
2.4463,2016-05-13 11:00
2.4484,2016-05-13 10:00
2.4512,2016-05-13 09:00
2.4549,2016-05-13 08:00
2.4595,2016-05-13 07:00
2.4654,2016-05-13 06:00
2.4728,2016-05-13 05:00
2.4819,2016-05-13 04:00
2.4929,2016-05-13 03:00
2.5059,2016-05-13 02:00
2.5210,2016-05-13 01:00
2.5381,2016-05-13 00:00
2.5569,2016-05-12 23:00
2.5769,2016-05-12 22:00
2.5975,2016-05-12 21:00
2.6178,2016-05-12 20:00
2.6366,2016-05-12 19:00
2.6529,2016-05-12 18:00
2.6654,2016-05-12 17:00
2.6730,2016-05-12 16:00
2.6753,2016-05-12 15:00
2.6719,2016-05-12 14:00
2.6631,2016-05-12 13:00
2.6498,2016-05-12 12:00
2.6331,2016-05-12 11:00
2.6146,2016-05-12 10:00
2.5958,2016-05-12 09:00
2.5780,2016-05-12 08:00
2.5623,2016-05-12 07:00
2.5488,2016-05-12 06:00
2.5372,2016-05-12 05:00
2.5269,2016-05-12 04:00
2.5176,2016-05-12 03:00
2.5094,2016-05-12 02:00
2.5024,2016-05-12 01:00
2.4961,2016-05-12 00:00
2.4887,2016-05-11 23:00
2.4790,2016-05-11 22:00
2.4706,2016-05-11 21:00
2.4702,2016-05-11 20:00
2.4783,2016-05-11 19:00
2.4886,2016-05-11 18:00
2.5014,2016-05-11 17:00
2.5172,2016-05-11 16:00
2.5363,2016-05-11 15:00
2.5591,2016-05-11 14:00
2.5859,2016-05-11 13:00
2.6167,2016-05-11 12:00
2.6517,2016-05-11 11:00
2.6907,2016-05-11 10:00
2.7334,2016-05-11 09:00
2.7792,2016-05-11 08:00
2.8274,2016-05-11 07:00
2.8769,2016-05-11 06:00
2.9266,2016-05-11 05:00
2.9751,2016-05-11 04:00
3.0208,2016-05-11 03:00
3.0621,2016-05-11 02:00
3.0977,2016-05-11 01:00
3.1262,2016-05-11 00:00
3.1472,2016-05-10 23:00
3.1604,2016-05-10 22:00
3.1667,2016-05-10 21:00
3.1672,2016-05-10 20:00
3.1637,2016-05-10 19:00
3.1580,2016-05-10 18:00
3.1519,2016-05-10 17:00
3.1466,2016-05-10 16:00
3.1421,2016-05-10 15:00
3.1362,2016-05-10 14:00
3.1264,2016-05-10 13:00
3.1112,2016-05-10 12:00
3.0867,2016-05-10 11:00
3.0497,2016-05-10 10:00
3.0012,2016-05-10 09:00
2.9405,2016-05-10 08:00
2.8735,2016-05-10 07:00
2.8144,2016-05-10 06:00
2.7651,2016-05-10 05:00
2.7192,2016-05-10 04:00
2.6804,2016-05-10 03:00
2.6516,2016-05-10 02:00
2.6319,2016-05-10 01:00
2.6191,2016-05-10 00:00
2.6105,2016-05-09 23:00
2.6039,2016-05-09 22:00
2.5959,2016-05-09 21:00
2.5825,2016-05-09 20:00
2.5597,2016-05-09 19:00
2.5264,2016-05-09 18:00
2.4882,2016-05-09 17:00
2.4620,2016-05-09 16:00
2.4559,2016-05-09 15:00
2.4562,2016-05-09 14:00
2.4565,2016-05-09 13:00
2.4567,2016-05-09 12:00
2.4570,2016-05-09 11:00
2.4573,2016-05-09 10:00
2.4577,2016-05-09 09:00
2.4580,2016-05-09 08:00
2.4583,2016-05-09 07:00
2.4587,2016-05-09 06:00
2.4591,2016-05-09 05:00
2.4596,2016-05-09 04:00
2.4602,2016-05-09 03:00
2.4609,2016-05-09 02:00
2.4617,2016-05-09 01:00
2.4627,2016-05-09 00:00
2.4639,2016-05-08 23:00
2.4654,2016-05-08 22:00
2.4673,2016-05-08 21:00
2.4696,2016-05-08 20:00
2.4725,2016-05-08 19:00
2.4760,2016-05-08 18:00
2.4801,2016-05-08 17:00
2.4851,2016-05-08 16:00
2.4909,2016-05-08 15:00
2.4976,2016-05-08 14:00
2.5052,2016-05-08 13:00
2.5136,2016-05-08 12:00
2.5228,2016-05-08 11:00
2.5327,2016-05-08 10:00
2.5431,2016-05-08 09:00
2.5539,2016-05-08 08:00
2.5646,2016-05-08 07:00
2.5751,2016-05-08 06:00
2.5849,2016-05-08 05:00
2.5936,2016-05-08 04:00
2.6006,2016-05-08 03:00
2.6055,2016-05-08 02:00
2.6076,2016-05-08 01:00
2.6068,2016-05-08 00:00
2.6030,2016-05-07 23:00
2.5965,2016-05-07 22:00
2.5879,2016-05-07 21:00
2.5783,2016-05-07 20:00
2.5686,2016-05-07 19:00
2.5595,2016-05-07 18:00
2.5513,2016-05-07 17:00
2.5440,2016-05-07 16:00
2.5369,2016-05-07 15:00
2.5292,2016-05-07 14:00
2.5202,2016-05-07 13:00
2.5103,2016-05-07 12:00
2.5024,2016-05-07 11:00
2.5003,2016-05-07 10:00
2.5026,2016-05-07 09:00
2.5041,2016-05-07 08:00
2.5021,2016-05-07 07:00
2.4950,2016-05-07 06:00
2.4838,2016-05-07 05:00
2.4743,2016-05-07 04:00
2.4705,2016-05-07 03:00
2.4707,2016-05-07 02:00
2.4709,2016-05-07 01:00
2.4711,2016-05-07 00:00
2.4713,2016-05-06 23:00
2.4716,2016-05-06 22:00
2.4718,2016-05-06 21:00
2.4720,2016-05-06 20:00
2.4722,2016-05-06 19:00
2.4724,2016-05-06 18:00
2.4726,2016-05-06 17:00
2.4728,2016-05-06 16:00
2.4730,2016-05-06 15:00
2.4732,2016-05-06 14:00
2.4734,2016-05-06 13:00
2.4736,2016-05-06 12:00
2.4738,2016-05-06 11:00
2.4740,2016-05-06 10:00
2.4742,2016-05-06 09:00
2.4743,2016-05-06 08:00
2.4745,2016-05-06 07:00
2.4747,2016-05-06 06:00
2.4749,2016-05-06 05:00
2.4751,2016-05-06 04:00
2.4753,2016-05-06 03:00
2.4755,2016-05-06 02:00
2.4756,2016-05-06 01:00
2.4758,2016-05-06 00:00
2.4760,2016-05-05 23:00
2.4763,2016-05-05 22:00
2.4765,2016-05-05 21:00
2.4767,2016-05-05 20:00
2.4770,2016-05-05 19:00
2.4774,2016-05-05 18:00
2.4778,2016-05-05 17:00
2.4783,2016-05-05 16:00
2.4790,2016-05-05 15:00
2.4799,2016-05-05 14:00
2.4810,2016-05-05 13:00
2.4824,2016-05-05 12:00
2.4842,2016-05-05 11:00
2.4865,2016-05-05 10:00
2.4894,2016-05-05 09:00
2.4928,2016-05-05 08:00
2.4970,2016-05-05 07:00
2.5018,2016-05-05 06:00
2.5071,2016-05-05 05:00
2.5130,2016-05-05 04:00
2.5190,2016-05-05 03:00
2.5250,2016-05-05 02:00
2.5306,2016-05-05 01:00
2.5354,2016-05-05 00:00
2.5390,2016-05-04 23:00
2.5412,2016-05-04 22:00
2.5418,2016-05-04 21:00
2.5411,2016-05-04 20:00
2.5392,2016-05-04 19:00
2.5366,2016-05-04 18:00
2.5340,2016-05-04 17:00
2.5320,2016-05-04 16:00
2.5310,2016-05-04 15:00
2.5313,2016-05-04 14:00
2.5331,2016-05-04 13:00
2.5362,2016-05-04 12:00
2.5405,2016-05-04 11:00
2.5458,2016-05-04 10:00
2.5516,2016-05-04 09:00
2.5569,2016-05-04 08:00
2.5587,2016-05-04 07:00
2.5517,2016-05-04 06:00
2.5300,2016-05-04 05:00
2.4995,2016-05-04 04:00
2.4819,2016-05-04 03:00
2.4820,2016-05-04 02:00
2.4822,2016-05-04 01:00
2.4823,2016-05-04 00:00
2.4825,2016-05-03 23:00
2.4827,2016-05-03 22:00
2.4830,2016-05-03 21:00
2.4833,2016-05-03 20:00
2.4837,2016-05-03 19:00
2.4841,2016-05-03 18:00
2.4848,2016-05-03 17:00
2.4856,2016-05-03 16:00
2.4867,2016-05-03 15:00
2.4882,2016-05-03 14:00
2.4900,2016-05-03 13:00
2.4924,2016-05-03 12:00
2.4954,2016-05-03 11:00
2.4993,2016-05-03 10:00
2.5040,2016-05-03 09:00
2.5098,2016-05-03 08:00
2.5167,2016-05-03 07:00
2.5249,2016-05-03 06:00
2.5343,2016-05-03 05:00
2.5450,2016-05-03 04:00
2.5568,2016-05-03 03:00
2.5695,2016-05-03 02:00
2.5828,2016-05-03 01:00
2.5962,2016-05-03 00:00
2.6094,2016-05-02 23:00
2.6218,2016-05-02 22:00
2.6329,2016-05-02 21:00
2.6421,2016-05-02 20:00
2.6490,2016-05-02 19:00
2.6534,2016-05-02 18:00
2.6550,2016-05-02 17:00
2.6542,2016-05-02 16:00
2.6512,2016-05-02 15:00
2.6467,2016-05-02 14:00
2.6416,2016-05-02 13:00
2.6370,2016-05-02 12:00
2.6343,2016-05-02 11:00
2.6346,2016-05-02 10:00
2.6388,2016-05-02 09:00
2.6476,2016-05-02 08:00
2.6611,2016-05-02 07:00
2.6791,2016-05-02 06:00
2.7016,2016-05-02 05:00
2.7285,2016-05-02 04:00
2.7600,2016-05-02 03:00
2.7973,2016-05-02 02:00
2.8443,2016-05-02 01:00
2.9049,2016-05-02 00:00
2.9800,2016-05-01 23:00
3.0674,2016-05-01 22:00
3.1623,2016-05-01 21:00
3.2624,2016-05-01 20:00
3.3649,2016-05-01 19:00
3.4663,2016-05-01 18:00
3.5625,2016-05-01 17:00
3.6488,2016-05-01 16:00
3.7203,2016-05-01 15:00
3.7725,2016-05-01 14:00
3.8020,2016-05-01 13:00
3.8066,2016-05-01 12:00
3.7865,2016-05-01 11:00
3.7439,2016-05-01 10:00
3.6830,2016-05-01 09:00
3.6097,2016-05-01 08:00
3.5306,2016-05-01 07:00
3.4522,2016-05-01 06:00
3.3791,2016-05-01 05:00
3.3134,2016-05-01 04:00
3.2535,2016-05-01 03:00
3.1935,2016-05-01 02:00
3.1240,2016-05-01 01:00
3.0376,2016-05-01 00:00
2.9399,2016-04-30 23:00
2.8469,2016-04-30 22:00
2.7669,2016-04-30 21:00
2.6941,2016-04-30 20:00
2.6251,2016-04-30 19:00
2.5636,2016-04-30 18:00
2.5192,2016-04-30 17:00
2.5006,2016-04-30 16:00
2.4949,2016-04-30 15:00
2.4929,2016-04-30 14:00
2.4902,2016-04-30 13:00
2.4883,2016-04-30 12:00
2.4884,2016-04-30 11:00
2.4886,2016-04-30 10:00
2.4888,2016-04-30 09:00
2.4889,2016-04-30 08:00
2.4891,2016-04-30 07:00
2.4892,2016-04-30 06:00
2.4894,2016-04-30 05:00
2.4896,2016-04-30 04:00
2.4898,2016-04-30 03:00
2.4900,2016-04-30 02:00
2.4902,2016-04-30 01:00
2.4905,2016-04-30 00:00
2.4909,2016-04-29 23:00
2.4913,2016-04-29 22:00
2.4918,2016-04-29 21:00
2.4926,2016-04-29 20:00
2.4935,2016-04-29 19:00
2.4947,2016-04-29 18:00
2.4963,2016-04-29 17:00
2.4984,2016-04-29 16:00
2.5011,2016-04-29 15:00
2.5046,2016-04-29 14:00
2.5091,2016-04-29 13:00
2.5148,2016-04-29 12:00
2.5218,2016-04-29 11:00
2.5304,2016-04-29 10:00
2.5408,2016-04-29 09:00
2.5531,2016-04-29 08:00
2.5677,2016-04-29 07:00
2.5845,2016-04-29 06:00
2.6038,2016-04-29 05:00
2.6257,2016-04-29 04:00
2.6504,2016-04-29 03:00
2.6780,2016-04-29 02:00
2.7086,2016-04-29 01:00
2.7422,2016-04-29 00:00
2.7788,2016-04-28 23:00
2.8179,2016-04-28 22:00
2.8590,2016-04-28 21:00
2.9008,2016-04-28 20:00
2.9419,2016-04-28 19:00
2.9806,2016-04-28 18:00
3.0147,2016-04-28 17:00
3.0423,2016-04-28 16:00
3.0616,2016-04-28 15:00
3.0710,2016-04-28 14:00
3.0695,2016-04-28 13:00
3.0569,2016-04-28 12:00
3.0334,2016-04-28 11:00
3.0003,2016-04-28 10:00
2.9597,2016-04-28 09:00
2.9144,2016-04-28 08:00
2.8669,2016-04-28 07:00
2.8210,2016-04-28 06:00
2.7827,2016-04-28 05:00
2.7548,2016-04-28 04:00
2.7323,2016-04-28 03:00
2.7132,2016-04-28 02:00
2.6941,2016-04-28 01:00
2.6707,2016-04-28 00:00
2.6395,2016-04-27 23:00
2.5999,2016-04-27 22:00
2.5583,2016-04-27 21:00
2.5258,2016-04-27 20:00
2.5070,2016-04-27 19:00
2.4991,2016-04-27 18:00
2.4994,2016-04-27 17:00
2.4996,2016-04-27 16:00
2.4999,2016-04-27 15:00
2.5001,2016-04-27 14:00
2.5004,2016-04-27 13:00
2.5006,2016-04-27 12:00
2.5009,2016-04-27 11:00
2.5011,2016-04-27 10:00
2.5014,2016-04-27 09:00
2.5016,2016-04-27 08:00
2.5019,2016-04-27 07:00
2.5022,2016-04-27 06:00
2.5025,2016-04-27 05:00
2.5028,2016-04-27 04:00
2.5031,2016-04-27 03:00
2.5035,2016-04-27 02:00
2.5039,2016-04-27 01:00
2.5044,2016-04-27 00:00
2.5049,2016-04-26 23:00
2.5056,2016-04-26 22:00
2.5064,2016-04-26 21:00
2.5073,2016-04-26 20:00
2.5085,2016-04-26 19:00
2.5099,2016-04-26 18:00
2.5115,2016-04-26 17:00
2.5134,2016-04-26 16:00
2.5157,2016-04-26 15:00
2.5183,2016-04-26 14:00
2.5212,2016-04-26 13:00
2.5243,2016-04-26 12:00
2.5276,2016-04-26 11:00
2.5311,2016-04-26 10:00
2.5346,2016-04-26 09:00
2.5379,2016-04-26 08:00
2.5409,2016-04-26 07:00
2.5436,2016-04-26 06:00
2.5457,2016-04-26 05:00
2.5471,2016-04-26 04:00
2.5479,2016-04-26 03:00
2.5481,2016-04-26 02:00
2.5476,2016-04-26 01:00
2.5468,2016-04-26 00:00
2.5459,2016-04-25 23:00
2.5452,2016-04-25 22:00
2.5450,2016-04-25 21:00
2.5457,2016-04-25 20:00
2.5477,2016-04-25 19:00
2.5512,2016-04-25 18:00
2.5562,2016-04-25 17:00
2.5627,2016-04-25 16:00
2.5705,2016-04-25 15:00
2.5798,2016-04-25 14:00
2.5906,2016-04-25 13:00
2.6029,2016-04-25 12:00
2.6164,2016-04-25 11:00
2.6310,2016-04-25 10:00
2.6471,2016-04-25 09:00
2.6631,2016-04-25 08:00
2.6778,2016-04-25 07:00
2.6904,2016-04-25 06:00
2.7004,2016-04-25 05:00
2.7071,2016-04-25 04:00
2.7101,2016-04-25 03:00
2.7094,2016-04-25 02:00
2.7052,2016-04-25 01:00
2.6977,2016-04-25 00:00
2.6875,2016-04-24 23:00
2.6754,2016-04-24 22:00
2.6622,2016-04-24 21:00
2.6491,2016-04-24 20:00
2.6367,2016-04-24 19:00
2.6259,2016-04-24 18:00
2.6169,2016-04-24 17:00
2.6093,2016-04-24 16:00
2.6022,2016-04-24 15:00
2.5945,2016-04-24 14:00
2.5849,2016-04-24 13:00
2.5721,2016-04-24 12:00
2.5559,2016-04-24 11:00
2.5394,2016-04-24 10:00
2.5273,2016-04-24 09:00
2.5203,2016-04-24 08:00
2.5176,2016-04-24 07:00
2.5178,2016-04-24 06:00
2.5181,2016-04-24 05:00
2.5183,2016-04-24 04:00
2.5185,2016-04-24 03:00
2.5188,2016-04-24 02:00
2.5190,2016-04-24 01:00
2.5192,2016-04-24 00:00
2.5194,2016-04-23 23:00
2.5196,2016-04-23 22:00
2.5199,2016-04-23 21:00
2.5201,2016-04-23 20:00
2.5203,2016-04-23 19:00
2.5205,2016-04-23 18:00
2.5207,2016-04-23 17:00
2.5209,2016-04-23 16:00
2.5211,2016-04-23 15:00
2.5214,2016-04-23 14:00
2.5216,2016-04-23 13:00
2.5218,2016-04-23 12:00
2.5220,2016-04-23 11:00
2.5222,2016-04-23 10:00
2.5224,2016-04-23 09:00
2.5226,2016-04-23 08:00
2.5228,2016-04-23 07:00
2.5230,2016-04-23 06:00
2.5232,2016-04-23 05:00
2.5235,2016-04-23 04:00
2.5237,2016-04-23 03:00
2.5239,2016-04-23 02:00
2.5242,2016-04-23 01:00
2.5244,2016-04-23 00:00
2.5247,2016-04-22 23:00
2.5250,2016-04-22 22:00
2.5254,2016-04-22 21:00
2.5258,2016-04-22 20:00
2.5263,2016-04-22 19:00
2.5270,2016-04-22 18:00
2.5278,2016-04-22 17:00
2.5288,2016-04-22 16:00
2.5302,2016-04-22 15:00
2.5320,2016-04-22 14:00
2.5343,2016-04-22 13:00
2.5373,2016-04-22 12:00
2.5411,2016-04-22 11:00
2.5461,2016-04-22 10:00
2.5523,2016-04-22 09:00
2.5602,2016-04-22 08:00
2.5700,2016-04-22 07:00
2.5819,2016-04-22 06:00
2.5963,2016-04-22 05:00
2.6132,2016-04-22 04:00
2.6327,2016-04-22 03:00
2.6547,2016-04-22 02:00
2.6789,2016-04-22 01:00
2.7049,2016-04-22 00:00
2.7320,2016-04-21 23:00
2.7595,2016-04-21 22:00
2.7862,2016-04-21 21:00
2.8109,2016-04-21 20:00
2.8322,2016-04-21 19:00
2.8490,2016-04-21 18:00
2.8601,2016-04-21 17:00
2.8648,2016-04-21 16:00
2.8628,2016-04-21 15:00
2.8542,2016-04-21 14:00
2.8399,2016-04-21 13:00
2.8209,2016-04-21 12:00
2.7987,2016-04-21 11:00
2.7751,2016-04-21 10:00
2.7519,2016-04-21 09:00
2.7305,2016-04-21 08:00
2.7123,2016-04-21 07:00
2.6979,2016-04-21 06:00
2.6870,2016-04-21 05:00
2.6782,2016-04-21 04:00
2.6691,2016-04-21 03:00
2.6569,2016-04-21 02:00
2.6399,2016-04-21 01:00
2.6198,2016-04-21 00:00
2.6012,2016-04-20 23:00
2.5885,2016-04-20 22:00
2.5845,2016-04-20 21:00
2.5931,2016-04-20 20:00
2.6080,2016-04-20 19:00
2.6254,2016-04-20 18:00
2.6455,2016-04-20 17:00
2.6683,2016-04-20 16:00
2.6936,2016-04-20 15:00
2.7212,2016-04-20 14:00
2.7507,2016-04-20 13:00
2.7814,2016-04-20 12:00
2.8126,2016-04-20 11:00
2.8435,2016-04-20 10:00
2.8730,2016-04-20 09:00
2.9000,2016-04-20 08:00
2.9234,2016-04-20 07:00
2.9422,2016-04-20 06:00
2.9557,2016-04-20 05:00
2.9632,2016-04-20 04:00
2.9645,2016-04-20 03:00
2.9600,2016-04-20 02:00
2.9502,2016-04-20 01:00
2.9362,2016-04-20 00:00
2.9192,2016-04-19 23:00
2.9004,2016-04-19 22:00
2.8807,2016-04-19 21:00
2.8604,2016-04-19 20:00
2.8391,2016-04-19 19:00
2.8156,2016-04-19 18:00
2.7880,2016-04-19 17:00
2.7547,2016-04-19 16:00
2.7165,2016-04-19 15:00
2.6784,2016-04-19 14:00
2.6490,2016-04-19 13:00
2.6317,2016-04-19 12:00
2.6182,2016-04-19 11:00
2.6048,2016-04-19 10:00
2.5930,2016-04-19 09:00
2.5801,2016-04-19 08:00
2.5678,2016-04-19 07:00
2.5584,2016-04-19 06:00
2.5513,2016-04-19 05:00
2.5484,2016-04-19 04:00
2.5479,2016-04-19 03:00
2.5483,2016-04-19 02:00
2.5487,2016-04-19 01:00
2.5491,2016-04-19 00:00
2.5495,2016-04-18 23:00
2.5499,2016-04-18 22:00
2.5502,2016-04-18 21:00
2.5506,2016-04-18 20:00
2.5510,2016-04-18 19:00
2.5514,2016-04-18 18:00
2.5518,2016-04-18 17:00
2.5522,2016-04-18 16:00
2.5525,2016-04-18 15:00
2.5529,2016-04-18 14:00
2.5533,2016-04-18 13:00
2.5537,2016-04-18 12:00
2.5541,2016-04-18 11:00
2.5544,2016-04-18 10:00
2.5548,2016-04-18 09:00
2.5552,2016-04-18 08:00
2.5556,2016-04-18 07:00
2.5559,2016-04-18 06:00
2.5563,2016-04-18 05:00
2.5567,2016-04-18 04:00
2.5571,2016-04-18 03:00
2.5574,2016-04-18 02:00
2.5578,2016-04-18 01:00
2.5582,2016-04-18 00:00
2.5586,2016-04-17 23:00
2.5589,2016-04-17 22:00
2.5593,2016-04-17 21:00
2.5597,2016-04-17 20:00
2.5600,2016-04-17 19:00
2.5604,2016-04-17 18:00
2.5608,2016-04-17 17:00
2.5611,2016-04-17 16:00
2.5615,2016-04-17 15:00
2.5619,2016-04-17 14:00
2.5622,2016-04-17 13:00
2.5626,2016-04-17 12:00
2.5629,2016-04-17 11:00
2.5633,2016-04-17 10:00
2.5637,2016-04-17 09:00
2.5640,2016-04-17 08:00
2.5644,2016-04-17 07:00
2.5647,2016-04-17 06:00
2.5651,2016-04-17 05:00
2.5654,2016-04-17 04:00
2.5658,2016-04-17 03:00
2.5662,2016-04-17 02:00
2.5665,2016-04-17 01:00
2.5669,2016-04-17 00:00
2.5672,2016-04-16 23:00
2.5676,2016-04-16 22:00
2.5679,2016-04-16 21:00
2.5683,2016-04-16 20:00
2.5686,2016-04-16 19:00
2.5690,2016-04-16 18:00
2.5693,2016-04-16 17:00
2.5697,2016-04-16 16:00
2.5700,2016-04-16 15:00
2.5703,2016-04-16 14:00
2.5707,2016-04-16 13:00
2.5710,2016-04-16 12:00
2.5714,2016-04-16 11:00
2.5717,2016-04-16 10:00
2.5721,2016-04-16 09:00
2.5724,2016-04-16 08:00
2.5727,2016-04-16 07:00
2.5731,2016-04-16 06:00
2.5734,2016-04-16 05:00
2.5737,2016-04-16 04:00
2.5741,2016-04-16 03:00
2.5744,2016-04-16 02:00
2.5748,2016-04-16 01:00
2.5751,2016-04-16 00:00
2.5754,2016-04-15 23:00
2.5757,2016-04-15 22:00
2.5761,2016-04-15 21:00
2.5764,2016-04-15 20:00
2.5767,2016-04-15 19:00
2.5771,2016-04-15 18:00
2.5774,2016-04-15 17:00
2.5777,2016-04-15 16:00
2.5781,2016-04-15 15:00
2.5784,2016-04-15 14:00
2.5787,2016-04-15 13:00
2.5790,2016-04-15 12:00
2.5794,2016-04-15 11:00
2.5797,2016-04-15 10:00
2.5800,2016-04-15 09:00
2.5804,2016-04-15 08:00
2.5807,2016-04-15 07:00
2.5811,2016-04-15 06:00
2.5814,2016-04-15 05:00
2.5818,2016-04-15 04:00
2.5823,2016-04-15 03:00
2.5827,2016-04-15 02:00
2.5832,2016-04-15 01:00
2.5838,2016-04-15 00:00
2.5845,2016-04-14 23:00
2.5853,2016-04-14 22:00
2.5862,2016-04-14 21:00
2.5873,2016-04-14 20:00
2.5887,2016-04-14 19:00
2.5903,2016-04-14 18:00
2.5923,2016-04-14 17:00
2.5946,2016-04-14 16:00
2.5973,2016-04-14 15:00
2.6005,2016-04-14 14:00
2.6041,2016-04-14 13:00
2.6081,2016-04-14 12:00
2.6125,2016-04-14 11:00
2.6172,2016-04-14 10:00
2.6220,2016-04-14 09:00
2.6269,2016-04-14 08:00
2.6315,2016-04-14 07:00
2.6357,2016-04-14 06:00
2.6393,2016-04-14 05:00
2.6420,2016-04-14 04:00
2.6438,2016-04-14 03:00
2.6446,2016-04-14 02:00
2.6443,2016-04-14 01:00
2.6430,2016-04-14 00:00
2.6408,2016-04-13 23:00
2.6379,2016-04-13 22:00
2.6346,2016-04-13 21:00
2.6311,2016-04-13 20:00
2.6277,2016-04-13 19:00
2.6246,2016-04-13 18:00
2.6220,2016-04-13 17:00
2.6198,2016-04-13 16:00
2.6181,2016-04-13 15:00
2.6166,2016-04-13 14:00
2.6150,2016-04-13 13:00
2.6129,2016-04-13 12:00
2.6100,2016-04-13 11:00
2.6060,2016-04-13 10:00
2.6013,2016-04-13 09:00
2.5973,2016-04-13 08:00
2.5956,2016-04-13 07:00
2.5955,2016-04-13 06:00
2.5957,2016-04-13 05:00
2.5960,2016-04-13 04:00
2.5963,2016-04-13 03:00
2.5966,2016-04-13 02:00
2.5969,2016-04-13 01:00
2.5972,2016-04-13 00:00
2.5975,2016-04-12 23:00
2.5978,2016-04-12 22:00
2.5980,2016-04-12 21:00
2.5983,2016-04-12 20:00
2.5986,2016-04-12 19:00
2.5989,2016-04-12 18:00
2.5992,2016-04-12 17:00
2.5995,2016-04-12 16:00
2.5998,2016-04-12 15:00
2.6001,2016-04-12 14:00
2.6004,2016-04-12 13:00
2.6007,2016-04-12 12:00
2.6010,2016-04-12 11:00
2.6013,2016-04-12 10:00
2.6017,2016-04-12 09:00
2.6021,2016-04-12 08:00
2.6025,2016-04-12 07:00
2.6030,2016-04-12 06:00
2.6036,2016-04-12 05:00
2.6042,2016-04-12 04:00
2.6050,2016-04-12 03:00
2.6059,2016-04-12 02:00
2.6070,2016-04-12 01:00
2.6082,2016-04-12 00:00
2.6097,2016-04-11 23:00
2.6114,2016-04-11 22:00
2.6134,2016-04-11 21:00
2.6156,2016-04-11 20:00
2.6180,2016-04-11 19:00
2.6206,2016-04-11 18:00
2.6233,2016-04-11 17:00
2.6260,2016-04-11 16:00
2.6288,2016-04-11 15:00
2.6314,2016-04-11 14:00
2.6339,2016-04-11 13:00
2.6360,2016-04-11 12:00
2.6378,2016-04-11 11:00
2.6393,2016-04-11 10:00
2.6402,2016-04-11 09:00
2.6406,2016-04-11 08:00
2.6405,2016-04-11 07:00
2.6398,2016-04-11 06:00
2.6385,2016-04-11 05:00
2.6366,2016-04-11 04:00
2.6342,2016-04-11 03:00
2.6315,2016-04-11 02:00
2.6288,2016-04-11 01:00
2.6264,2016-04-11 00:00
2.6245,2016-04-10 23:00
2.6228,2016-04-10 22:00
2.6211,2016-04-10 21:00
2.6193,2016-04-10 20:00
2.6173,2016-04-10 19:00
2.6155,2016-04-10 18:00
2.6141,2016-04-10 17:00
2.6129,2016-04-10 16:00
2.6123,2016-04-10 15:00
2.6127,2016-04-10 14:00
2.6131,2016-04-10 13:00
2.6136,2016-04-10 12:00
2.6141,2016-04-10 11:00
2.6148,2016-04-10 10:00
2.6156,2016-04-10 09:00
2.6166,2016-04-10 08:00
2.6179,2016-04-10 07:00
2.6193,2016-04-10 06:00
2.6211,2016-04-10 05:00
2.6233,2016-04-10 04:00
2.6259,2016-04-10 03:00
2.6290,2016-04-10 02:00
2.6326,2016-04-10 01:00
2.6367,2016-04-10 00:00
2.6413,2016-04-09 23:00
2.6463,2016-04-09 22:00
2.6516,2016-04-09 21:00
2.6572,2016-04-09 20:00
2.6627,2016-04-09 19:00
2.6680,2016-04-09 18:00
2.6728,2016-04-09 17:00
2.6769,2016-04-09 16:00
2.6802,2016-04-09 15:00
2.6826,2016-04-09 14:00
2.6841,2016-04-09 13:00
2.6848,2016-04-09 12:00
2.6851,2016-04-09 11:00
2.6852,2016-04-09 10:00
2.6854,2016-04-09 09:00
2.6862,2016-04-09 08:00
2.6877,2016-04-09 07:00
2.6901,2016-04-09 06:00
2.6933,2016-04-09 05:00
2.6973,2016-04-09 04:00
2.7019,2016-04-09 03:00
2.7068,2016-04-09 02:00
2.7115,2016-04-09 01:00
2.7154,2016-04-09 00:00
2.7182,2016-04-08 23:00
2.7191,2016-04-08 22:00
2.7168,2016-04-08 21:00
2.7112,2016-04-08 20:00
2.7035,2016-04-08 19:00
2.6958,2016-04-08 18:00
2.6900,2016-04-08 17:00
2.6850,2016-04-08 16:00
2.6796,2016-04-08 15:00
2.6742,2016-04-08 14:00
2.6691,2016-04-08 13:00
2.6647,2016-04-08 12:00
2.6612,2016-04-08 11:00
2.6585,2016-04-08 10:00
2.6563,2016-04-08 09:00
2.6540,2016-04-08 08:00
2.6509,2016-04-08 07:00
2.6465,2016-04-08 06:00
2.6413,2016-04-08 05:00
2.6367,2016-04-08 04:00
2.6344,2016-04-08 03:00
2.6346,2016-04-08 02:00
2.6367,2016-04-08 01:00
2.6390,2016-04-08 00:00
2.6415,2016-04-07 23:00
2.6443,2016-04-07 22:00
2.6474,2016-04-07 21:00
2.6508,2016-04-07 20:00
2.6546,2016-04-07 19:00
2.6589,2016-04-07 18:00
2.6640,2016-04-07 17:00
2.6698,2016-04-07 16:00
2.6766,2016-04-07 15:00
2.6844,2016-04-07 14:00
2.6933,2016-04-07 13:00
2.7034,2016-04-07 12:00
2.7146,2016-04-07 11:00
2.7267,2016-04-07 10:00
2.7397,2016-04-07 09:00
2.7531,2016-04-07 08:00
2.7666,2016-04-07 07:00
2.7799,2016-04-07 06:00
2.7924,2016-04-07 05:00
2.8038,2016-04-07 04:00
2.8138,2016-04-07 03:00
2.8224,2016-04-07 02:00
2.8297,2016-04-07 01:00
2.8365,2016-04-07 00:00
2.8435,2016-04-06 23:00
2.8499,2016-04-06 22:00
2.8561,2016-04-06 21:00
2.8623,2016-04-06 20:00
2.8686,2016-04-06 19:00
2.8748,2016-04-06 18:00
2.8804,2016-04-06 17:00
2.8848,2016-04-06 16:00
2.8869,2016-04-06 15:00
2.8857,2016-04-06 14:00
2.8802,2016-04-06 13:00
2.8696,2016-04-06 12:00
2.8545,2016-04-06 11:00
2.8383,2016-04-06 10:00
2.8245,2016-04-06 09:00
2.8103,2016-04-06 08:00
2.7950,2016-04-06 07:00
2.7794,2016-04-06 06:00
2.7647,2016-04-06 05:00
2.7520,2016-04-06 04:00
2.7408,2016-04-06 03:00
2.7313,2016-04-06 02:00
2.7232,2016-04-06 01:00
2.7163,2016-04-06 00:00
2.7101,2016-04-05 23:00
2.7025,2016-04-05 22:00
2.6917,2016-04-05 21:00
2.6773,2016-04-05 20:00
2.6613,2016-04-05 19:00
2.6478,2016-04-05 18:00
2.6400,2016-04-05 17:00
2.6378,2016-04-05 16:00
2.6381,2016-04-05 15:00
2.6383,2016-04-05 14:00
2.6386,2016-04-05 13:00
2.6388,2016-04-05 12:00
2.6391,2016-04-05 11:00
2.6393,2016-04-05 10:00
2.6396,2016-04-05 09:00
2.6398,2016-04-05 08:00
2.6401,2016-04-05 07:00
2.6403,2016-04-05 06:00
2.6406,2016-04-05 05:00
2.6408,2016-04-05 04:00
2.6410,2016-04-05 03:00
2.6413,2016-04-05 02:00
2.6415,2016-04-05 01:00
2.6417,2016-04-05 00:00
2.6420,2016-04-04 23:00
2.6422,2016-04-04 22:00
2.6425,2016-04-04 21:00
2.6427,2016-04-04 20:00
2.6429,2016-04-04 19:00
2.6431,2016-04-04 18:00
2.6434,2016-04-04 17:00
2.6436,2016-04-04 16:00
2.6438,2016-04-04 15:00
2.6441,2016-04-04 14:00
2.6443,2016-04-04 13:00
2.6445,2016-04-04 12:00
2.6447,2016-04-04 11:00
2.6450,2016-04-04 10:00
2.6452,2016-04-04 09:00
2.6455,2016-04-04 08:00
2.6457,2016-04-04 07:00
2.6460,2016-04-04 06:00
2.6463,2016-04-04 05:00
2.6467,2016-04-04 04:00
2.6471,2016-04-04 03:00
2.6476,2016-04-04 02:00
2.6482,2016-04-04 01:00
2.6489,2016-04-04 00:00
2.6498,2016-04-03 23:00
2.6509,2016-04-03 22:00
2.6522,2016-04-03 21:00
2.6540,2016-04-03 20:00
2.6561,2016-04-03 19:00
2.6587,2016-04-03 18:00
2.6619,2016-04-03 17:00
2.6657,2016-04-03 16:00
2.6701,2016-04-03 15:00
2.6752,2016-04-03 14:00
2.6809,2016-04-03 13:00
2.6871,2016-04-03 12:00
2.6936,2016-04-03 11:00
2.7004,2016-04-03 10:00
2.7071,2016-04-03 09:00
2.7134,2016-04-03 08:00
2.7192,2016-04-03 07:00
2.7240,2016-04-03 06:00
2.7277,2016-04-03 05:00
2.7303,2016-04-03 04:00
2.7316,2016-04-03 03:00
2.7318,2016-04-03 02:00
2.7312,2016-04-03 01:00
2.7301,2016-04-03 00:00
2.7290,2016-04-02 23:00
2.7284,2016-04-02 22:00
2.7290,2016-04-02 21:00
2.7313,2016-04-02 20:00
2.7359,2016-04-02 19:00
2.7433,2016-04-02 18:00
2.7537,2016-04-02 17:00
2.7667,2016-04-02 16:00
2.7815,2016-04-02 15:00
2.7969,2016-04-02 14:00
2.8118,2016-04-02 13:00
2.8246,2016-04-02 12:00
2.8352,2016-04-02 11:00
2.8455,2016-04-02 10:00
2.8574,2016-04-02 09:00
2.8684,2016-04-02 08:00
2.8758,2016-04-02 07:00
2.8790,2016-04-02 06:00
2.8776,2016-04-02 05:00
2.8719,2016-04-02 04:00
2.8623,2016-04-02 03:00
2.8495,2016-04-02 02:00
2.8349,2016-04-02 01:00
2.8194,2016-04-02 00:00
2.8042,2016-04-01 23:00
2.7900,2016-04-01 22:00
2.7771,2016-04-01 21:00
2.7655,2016-04-01 20:00
2.7546,2016-04-01 19:00
2.7439,2016-04-01 18:00
2.7333,2016-04-01 17:00
2.7239,2016-04-01 16:00
2.7172,2016-04-01 15:00
2.7123,2016-04-01 14:00
2.7071,2016-04-01 13:00
2.7022,2016-04-01 12:00
2.6999,2016-04-01 11:00
2.7024,2016-04-01 10:00
2.7088,2016-04-01 09:00
2.7161,2016-04-01 08:00
2.7240,2016-04-01 07:00
2.7317,2016-04-01 06:00
2.7385,2016-04-01 05:00
2.7443,2016-04-01 04:00
2.7504,2016-04-01 03:00
2.7561,2016-04-01 02:00
2.7599,2016-04-01 01:00
2.7653,2016-04-01 00:00
